6.998706548670191596e-01
3.901163985331853046e-01
3.688042304030171303e-01
3.629775980740417851e-01
3.303164481012909603e-01
3.441920469572514740e-01
3.055786355226128292e-01
2.950945846460483746e-01
3.021695050928328019e-01
2.844772229775970329e-01
2.880378249802706958e-01
2.838834988666169568e-01
2.917136897275477425e-01
2.830128882218290176e-01
2.695583904415000953e-01
2.542660442307407287e-01
2.616625852790879780e-01
2.799868853739750363e-01
2.564523368338008091e-01
2.586664621660738628e-01
2.482827771041128395e-01
2.566759439346231186e-01
2.548701604943216514e-01
2.465920855049733851e-01
2.478134586487287239e-01
2.748585919447151249e-01
2.502780233636314744e-01
2.396329522868733408e-01
2.316751234693291694e-01
2.312863898865970547e-01
2.277203877950892130e-01
2.284050936546222765e-01
2.325169968844195967e-01
2.262077905789569576e-01
2.212794740718823927e-01
2.209994738576588902e-01
2.219098779798290011e-01
2.167824402727462629e-01
2.021938527439847422e-01
1.989277748414027824e-01
1.916614927075527275e-01
2.283592155502166265e-01
2.079486261271400183e-01
2.168577826961323174e-01
2.043526866829689648e-01
1.882630371293168015e-01
2.180241212156819597e-01
1.847679744716043959e-01
2.250859346056793830e-01
1.908867863225348072e-01
1.993882363225207011e-01
1.963257077115553306e-01
1.930747698578569593e-01
1.947924257612522747e-01
1.838006773434671393e-01
2.013005793462565030e-01
1.916610625790960976e-01
1.897515207713033059e-01
1.717566425095737592e-01
2.046099596553378752e-01
1.796269831971989694e-01
1.723234733957567377e-01
1.857157878025814390e-01
1.692416264181151875e-01
1.743974497196850992e-01
1.759158246219158228e-01
1.762034056087334877e-01
1.654592794676621736e-01
1.713716100579426582e-01
1.643954336919166426e-01
1.635721502572665964e-01
1.696170536456284572e-01
1.707006332728965847e-01
1.707169987629225116e-01
1.585204844811448355e-01
1.541744947617436634e-01
1.598781259615480177e-01
1.570418465514609729e-01
1.665677072825255123e-01
1.634821684433170330e-01
1.604798356875961340e-01
1.672388525794685499e-01
1.480257265361738794e-01
1.583275014097675903e-01
1.560511168000506821e-01
1.568096513779443091e-01
1.546640945713461113e-01
1.572730696863598177e-01
1.624855020991813892e-01
1.632740793312773275e-01
1.648908761318451099e-01
1.518473228048763113e-01
1.559533012134057539e-01
1.593043828934982975e-01
1.517865029888020578e-01
1.456356192582551334e-01
1.433309374492109656e-01
1.502643584377235941e-01
1.448674465587109772e-01
1.521487745030978556e-01
1.474097708401120865e-01
1.498883612775876173e-01
1.489802020015539852e-01
1.521508267632237232e-01
1.465200842668612780e-01
1.419165949808594562e-01
1.439398092758140402e-01
1.461617570600391991e-01
1.507855933573510887e-01
1.474540767800292806e-01
1.436368163583087443e-01
1.379159490635365748e-01
1.389606811382152474e-01
1.456549372156093203e-01
1.414594082184779666e-01
1.414003313737519085e-01
1.395773623138666097e-01
1.374315936532285454e-01
1.386433557411770878e-01
1.385479561064714149e-01
1.458756033699085686e-01
1.393088407860493816e-01
1.419477795055251179e-01
1.335278970959745681e-01
1.355341087382884724e-01
1.402944321157755803e-01
1.374430706793511314e-01
1.323493540516973987e-01
1.306038933311715611e-01
1.329290137384776804e-01
1.268809630868979466e-01
1.304810214281817982e-01
1.131695703775794370e-01
8.596279371823012383e-02
8.939973772560924625e-02
6.714543621235434523e-02
8.188035568254022067e-02
8.554046781486429607e-02
6.766163924936044460e-02
7.854751499314407970e-02
7.363987162225608951e-02
6.112451192978223674e-02
7.504512222015218004e-02
6.778834029747586587e-02
5.590449189332480362e-02
5.204823230375984350e-02
5.908640134058473076e-02
7.000362892088302091e-02
7.972592311605156135e-02
6.042750494071012085e-02
6.514368044391395662e-02
4.848940138610577377e-02
6.104523637396697122e-02
6.244733371370526920e-02
5.483557328561688982e-02
5.176867765647914094e-02
4.575718386994493542e-02
4.358362860644932057e-02
4.806657131437217650e-02
5.467464196036517926e-02
4.517312721555181293e-02
4.910620979888919574e-02
4.185387901248580067e-02
4.798112620450815241e-02
4.329497368839557714e-02
3.562622395969990835e-02
4.359647444901013774e-02
3.879318441588425898e-02
3.572899799003124988e-02
3.874106828910571509e-02
4.763645730269706197e-02
4.420017239587010344e-02
4.077905096395018775e-02
3.898065799330203279e-02
4.104633158544239435e-02
3.674772632822831397e-02
3.133704912985127433e-02
3.529256265362534783e-02
3.676990977616730744e-02
3.930181674537087944e-02
2.960428386257622085e-02
3.153815348564365656e-02
3.498874131571623469e-02
3.011027281167184128e-02
3.318806744838510153e-02
2.959130510669323935e-02
2.797098814760515251e-02
3.045718020537291695e-02
2.889877206274113486e-02
2.214908012328471731e-02
3.172421976746085670e-02
2.842259250836731352e-02
2.524027472011059273e-02
2.622553722744837626e-02
2.610094063847223644e-02
2.647671473388510388e-02
2.354863930336306699e-02
2.682073179204940219e-02
3.036411881521753828e-02
2.982028313005381792e-02
1.896727650783748206e-02
2.206645687465537409e-02
2.695977505030851262e-02
2.344358207542146869e-02
2.154175913856755734e-02
2.326755420861580451e-02
2.484969545732360757e-02
1.895049322670218708e-02
1.813100175045460893e-02
1.975947230517412223e-02
1.989735979771882490e-02
1.922976411129683968e-02
2.083534572881529448e-02
1.901110750890506323e-02
1.984720125646286665e-02
1.743692714341682840e-02
2.033187286652483536e-02
1.766318414875620371e-02
2.058644002342398596e-02
1.696813553396539151e-02
1.718885766256363079e-02
1.784839969041395608e-02
2.143585507317901165e-02
1.668245233377092449e-02
1.430467779771698797e-02
1.701285225133598172e-02
1.334608764134962398e-02
2.028890262486718679e-02
1.581989938344863580e-02
1.675749022338039393e-02
1.770923259583907089e-02
1.618904058936724427e-02
1.500616484580197425e-02
1.447750469540180947e-02
1.252801233862959988e-02
1.578759694374762962e-02
1.494034790717020666e-02
1.307816326687226416e-02
1.111066638128407023e-02
1.314254514364384535e-02
1.469262235278721331e-02
1.455379795609778627e-02
1.097119581124422413e-02
1.096852319933981461e-02
1.162810515297931294e-02
9.946768242047323086e-03
1.385951082448953417e-02
1.194756697373964942e-02
1.137961374425393822e-02
1.066643604400707365e-02
1.291129142793556901e-02
1.079938953447186559e-02
9.515155866980129148e-03
1.120647396764811420e-02
9.964514975934401705e-03
1.309595657611747899e-02
1.161372047037455106e-02
9.459501644240518939e-03
9.186453479806903216e-03
1.036727672795694638e-02
9.444729351089673625e-03
1.001204186298991841e-02
8.694640411982213976e-03
1.069228780664801572e-02
9.786373152062452160e-03
8.808216836156066917e-03
8.246043106627451436e-03
1.047706670320666840e-02
9.507573325304798789e-03
7.730802135694639712e-03
9.069542077755041870e-03
7.843880923974210634e-03
8.449478603387556783e-03
9.925992234994501090e-03
7.956262309263915228e-03
7.103198375933308592e-03
7.492343389108493089e-03
7.593345946785165501e-03
8.857891907500265588e-03
8.015776178971053753e-03
7.904488546129847387e-03
7.636774645699219606e-03
6.291295965629727788e-03
6.392800700935390157e-03
8.671705501758339776e-03
8.374243116353694005e-03
6.961664392254836471e-03
7.536167637922348492e-03
5.839511408781157716e-03
7.343128313734835835e-03
7.619515750650126575e-03
6.646941822008624323e-03
6.519422672370800941e-03
7.365005509228905560e-03
6.793452681106682510e-03
6.959254692094839559e-03
7.134248033768342441e-03
6.894619182706399757e-03
6.690228917800680394e-03
6.406367081456069805e-03
