7.089579276119669163e-03
1.877098195714715229e-02
2.471999436340950249e-02
3.086950590397104927e-02
3.431058172136545320e-02
4.044844965323989711e-02
4.129815401026495914e-02
4.540889166111563430e-02
4.815019165844092869e-02
5.018027434930389524e-02
5.364418294694688755e-02
5.804614403089623093e-02
6.048881816275325507e-02
6.143033258432959581e-02
6.650885856813854025e-02
6.567572376886267327e-02
7.166241778083790037e-02
7.996014822504401987e-02
8.165491176424202746e-02
8.515418377003551587e-02
8.207701794159265318e-02
8.737436791445002404e-02
9.150877433978481246e-02
9.869633650890102805e-02
9.483722398678461063e-02
1.069041511618796653e-01
1.054463375681712334e-01
1.089551971742400427e-01
1.138357064882178360e-01
1.086726234742888680e-01
1.067661609914567766e-01
1.117131527191326940e-01
1.083095432937513231e-01
1.094936115690219591e-01
1.113253785320270223e-01
1.087317513830867860e-01
1.146248883579248229e-01
1.087257707744468810e-01
1.057979745169480706e-01
1.075936872190163401e-01
9.858167507214310454e-02
9.858483696977297928e-02
1.082917695290144533e-01
1.151121314752984875e-01
1.057298437588744672e-01
1.015330571911217256e-01
1.053187714498720062e-01
1.048999593397717395e-01
1.076472402906712145e-01
1.023284210834974062e-01
1.095150758454829093e-01
1.101968832773926876e-01
1.057191643495986461e-01
1.074681751522017087e-01
1.062747802171442185e-01
1.079375964347962930e-01
1.041276904719847241e-01
1.063840335901872630e-01
1.021805289442892367e-01
1.030043875223692618e-01
1.038452107137367991e-01
1.053708732036160861e-01
1.083146412063527991e-01
1.050545461429857885e-01
1.044757128497700582e-01
1.033926410715521049e-01
1.037571422295805873e-01
9.827852601438392954e-02
1.011320795357963237e-01
1.019914367776594000e-01
9.955722713544044866e-02
1.010477340883678826e-01
1.007165869077046721e-01
1.012721441272232265e-01
9.750477417291682214e-02
9.401390555280225714e-02
9.776135802176999512e-02
1.023772783669424646e-01
1.029661764609225011e-01
9.768342615369661475e-02
1.004527392210783771e-01
1.005638380385475428e-01
9.648503247234556379e-02
9.803553184977284451e-02
9.792012697384681885e-02
9.926312958568701827e-02
9.381467051068205498e-02
9.558003153881908243e-02
1.031095086976333841e-01
9.596048543850581314e-02
9.716223319187576590e-02
1.006849282593638845e-01
9.998305273460753040e-02
1.010452317142928047e-01
9.863990900325186884e-02
9.695093083528824596e-02
9.902170477090058154e-02
9.704622867298715039e-02
9.744858372910522593e-02
9.528635847899648292e-02
9.874883662035435772e-02
9.918928767244021560e-02
9.679291859085177585e-02
9.572393298149109442e-02
9.441118561375287654e-02
9.305677734039448368e-02
9.275396011861754275e-02
9.183287018059212159e-02
9.102379204590380080e-02
8.832056041301032667e-02
9.083003709897582989e-02
9.164383186050403807e-02
9.025423310145183620e-02
9.135840650601886881e-02
9.121480692224001596e-02
9.271899251566256828e-02
8.958504645636787556e-02
9.198722497180655822e-02
8.986916124452778987e-02
8.928339047196470757e-02
9.204433775610393331e-02
9.349113529846991844e-02
9.183334057437785025e-02
9.231845965539967058e-02
9.011043419164639634e-02
8.925431128821255389e-02
9.056955224569933349e-02
9.090588918806594143e-02
8.749252500725381021e-02
8.488605347128562462e-02
8.172508216014615079e-02
8.425029208538709069e-02
7.345485222744352338e-02
4.385641314618197312e-02
3.064527915169795377e-02
2.350217638606274737e-02
2.437124691708128510e-02
2.947444708925890319e-02
2.020066122892370114e-02
2.153615386478234875e-02
2.031127854112397754e-02
1.664004701298926053e-02
1.885352909024574919e-02
1.850768225152551322e-02
1.639922170376658175e-02
1.525966396647287018e-02
1.547744758082208842e-02
1.743894035318567515e-02
2.160142283357771933e-02
1.501544625958266786e-02
1.656547295171077738e-02
1.185950457196061764e-02
1.318129786709898443e-02
1.513246344229965228e-02
1.244964059356048168e-02
1.227009268664398453e-02
1.116447081202986101e-02
1.088601985334039339e-02
1.190613763993261104e-02
1.220363886066839001e-02
9.805807038957689223e-03
1.193472632224223083e-02
9.789290891120922683e-03
1.160963946654472792e-02
9.679005258245233431e-03
1.103452757995483646e-02
9.604511739050877392e-03
7.907871985204380227e-03
8.107688403860838916e-03
8.401130152331596698e-03
8.649423489717904950e-03
9.721627196061344289e-03
1.003848805198629887e-02
8.118478710228508102e-03
9.270014699525487914e-03
9.076979010866058697e-03
7.084903857860438102e-03
7.924080312964909209e-03
7.202715326365037585e-03
9.027561438154935863e-03
7.260783446268580937e-03
7.484930682708911855e-03
6.541989370821227681e-03
6.916761633948664834e-03
6.851074742699432736e-03
6.513950065134759687e-03
5.902885280788105517e-03
6.944348948740366144e-03
5.944405646346521271e-03
5.098147703877961047e-03
5.707296915819443442e-03
4.897938717306120002e-03
5.186688628501867800e-03
4.385293038694165237e-03
4.959057388183327718e-03
5.729538960135139095e-03
5.039579594611293990e-03
5.642587224662556911e-03
5.400127745851483231e-03
6.028420013737761408e-03
3.850940783381646190e-03
4.054014575682051390e-03
4.528216498991601349e-03
4.130585347934637684e-03
4.450205074807192171e-03
4.236563373239204781e-03
4.233869578204991178e-03
3.412398488913306188e-03
3.693113882772992330e-03
3.087851247408162931e-03
3.375732519428165188e-03
3.438738156088490001e-03
4.053078610651241268e-03
3.097067642949786082e-03
3.024544619346457037e-03
3.360784927141970743e-03
3.334425842564805922e-03
3.118059954485269750e-03
3.699457070795261326e-03
2.694241861639584765e-03
3.272180901847515470e-03
2.833101051519294235e-03
3.032978759168785104e-03
2.775617063018194584e-03
2.332905456542330551e-03
2.390377621908735400e-03
2.606751130835259327e-03
2.971740208657272942e-03
2.414971816459136108e-03
2.384122468931399157e-03
2.539002983160762277e-03
2.696951250353451460e-03
2.529253359480881664e-03
2.282300643595208504e-03
1.936187284346813694e-03
2.086933382070353237e-03
2.025554814234190645e-03
2.132612596458919457e-03
2.094100704301654538e-03
2.058990070616817641e-03
2.333776327424947044e-03
2.053132360392569133e-03
1.915473358647791589e-03
1.675281907344829081e-03
1.494061084084046019e-03
1.701960304454127031e-03
1.948470135225144123e-03
1.986376156011470002e-03
1.775127490035640580e-03
1.655812782216041067e-03
1.813083266380191181e-03
1.560770280479186270e-03
1.687316468635316653e-03
1.596991182700155864e-03
1.431642010810506250e-03
1.974981420587735431e-03
1.484445921057529110e-03
1.440537061326149651e-03
1.435323502848831652e-03
1.607444060800282968e-03
1.232937651285384269e-03
1.258649474948470015e-03
1.383195491833270983e-03
1.646934682772822510e-03
1.450196571709562237e-03
1.282524367958597566e-03
1.348239899209461874e-03
1.297180945506243169e-03
1.217385643864008198e-03
1.202163016923917362e-03
1.205327935203518970e-03
1.329311501126259317e-03
1.201103242401811103e-03
1.223656042242914294e-03
1.230868255232861735e-03
1.333585351793221919e-03
1.034901988496579909e-03
1.107006153400971618e-03
9.988206273484126745e-04
1.210456149222151074e-03
1.193796384913981988e-03
1.212963028354599113e-03
1.130527534095798932e-03
1.005187003667944905e-03
1.091769855410359329e-03
9.670452312059717214e-04
1.030134115712882459e-03
1.023402130472894937e-03
9.218942357170974589e-04
1.032088755514619415e-03
9.760473037641970249e-04
9.361590788282711604e-04
1.034674416270583508e-03
1.005985327816390825e-03
7.869716599043947167e-04
9.725071971865592406e-04
9.601769389777428665e-04
1.109362278441915813e-03
1.011081206039913692e-03
1.054958910273494322e-03
