7.579053858915965058e-01
3.908297389745712391e-01
3.697951447816542614e-01
3.636293885884461785e-01
3.297536391534923172e-01
3.443488492457955075e-01
3.058583405834657265e-01
2.934265082081158882e-01
2.995268860532913635e-01
2.827703454612213729e-01
2.862574023964964409e-01
2.812751426189034065e-01
2.871979479068591523e-01
2.814099427910498608e-01
2.672449391381240269e-01
2.531464312363553848e-01
2.611500618910347904e-01
2.775792530473367714e-01
2.575135223291538655e-01
2.560029029662226341e-01
2.456390172427083129e-01
2.532131324395721084e-01
2.522462545353689189e-01
2.447433486672831171e-01
2.454482264540813474e-01
2.722419851632029708e-01
2.470635679492979853e-01
2.375545557450365053e-01
2.295542004851647278e-01
2.300353958282941591e-01
2.251020687689751776e-01
2.268591320625057972e-01
2.312825409810484178e-01
2.247794023082580195e-01
2.196053358323780125e-01
2.186966630319754357e-01
2.210152355149204439e-01
2.155624658421233797e-01
2.011853956421952305e-01
1.975914107612621595e-01
1.909365347598069862e-01
2.265271006358994255e-01
2.070432247662985781e-01
2.158153267462312452e-01
2.038269136790875902e-01
1.872557110440583872e-01
2.164730495968718582e-01
1.839279355274306416e-01
2.234133098918346660e-01
1.903893495323481511e-01
1.987878648955145044e-01
1.951817256984887394e-01
1.920530801340017690e-01
1.949194946866712463e-01
1.828360343512929476e-01
2.005666912429862614e-01
1.907078661576465384e-01
1.892660063358000688e-01
1.709143869348882239e-01
2.036544017033812548e-01
1.791333654044587054e-01
1.719638618882055603e-01
1.849347639323016823e-01
1.683934952465840351e-01
1.739580210988168341e-01
1.754391395751341010e-01
1.756800391607814260e-01
1.649524605200614336e-01
1.705717596742842013e-01
1.640657823164889950e-01
1.631622720877697330e-01
1.690223645694829691e-01
1.704193932866608641e-01
1.700949837948069199e-01
1.582807282100857083e-01
1.538327090718128176e-01
1.592875915590995506e-01
1.563706563578711739e-01
1.658287848679371734e-01
1.631156877580064446e-01
1.597419002955710321e-01
1.666431458275995092e-01
1.478878187866490557e-01
1.581244636878923193e-01
1.553792383199856519e-01
1.565499814066254047e-01
1.539198882555888048e-01
1.571175041574018882e-01
1.620958104729652294e-01
1.628900841062451699e-01
1.643427353214334530e-01
1.515192895989727062e-01
1.555584446331600978e-01
1.589667532179090681e-01
1.515742033030147984e-01
1.455505924966232212e-01
1.431083643923939108e-01
1.500055118659396336e-01
1.448657268267354858e-01
1.518643009993765058e-01
1.469660265302216440e-01
1.495636265173002633e-01
1.484704606924895920e-01
1.519074823891307102e-01
1.460588311937488226e-01
1.414634402473399777e-01
1.438471782170696045e-01
1.456320565239882792e-01
1.504394495284851752e-01
1.469754272588977007e-01
1.433808937346861823e-01
1.375359042099228712e-01
1.383064044110569046e-01
1.458909384998274550e-01
1.408025410716180481e-01
1.409893455374756077e-01
1.394067274797477773e-01
1.370166968094345961e-01
1.383641939472269045e-01
1.379797870178281483e-01
1.456105091275624319e-01
1.389079035846171595e-01
1.417705532071399099e-01
1.330698750177283229e-01
1.351949519627256291e-01
1.401609611548023382e-01
1.372427984244293520e-01
1.318774250048546093e-01
1.301202124145663941e-01
1.327526690967288925e-01
1.265344575438418495e-01
1.301351558141134457e-01
1.132174934410018624e-01
8.452657732744643659e-02
8.708753372301106244e-02
6.533978056891269481e-02
7.999671466819609222e-02
8.415306164742228368e-02
6.631751442572424160e-02
7.736131814818679453e-02
7.194216646811706084e-02
6.047912623954614791e-02
7.485747268106529573e-02
6.603183649432914359e-02
5.495058103176379827e-02
5.155000612606800564e-02
5.821855677705672222e-02
6.944844671072335218e-02
7.832503885211837547e-02
5.927421741121460114e-02
6.407562378742932829e-02
4.794959811774732183e-02
6.036804793959477805e-02
6.159440871990317506e-02
5.393136444560504839e-02
5.072590932115282614e-02
4.486108357859287105e-02
4.310888914090658941e-02
4.722878211097041729e-02
5.390433501912120229e-02
4.469840005916876635e-02
4.877164230583505566e-02
4.158413245442918460e-02
4.762444083717577020e-02
4.278233143681355738e-02
3.513938720322955928e-02
4.306658211228492350e-02
3.861226804477570912e-02
3.523115829685358191e-02
3.817446615491608408e-02
4.686961115719132792e-02
4.386976142909757015e-02
4.026728954222225793e-02
3.865551887176008061e-02
4.039795450459487264e-02
3.629088057629062392e-02
3.088242813408012544e-02
3.484218446153394128e-02
3.632184898067210982e-02
3.884581226487586469e-02
2.928460901854617118e-02
3.157341027351916879e-02
3.503071319228857200e-02
2.973409375502084062e-02
3.274348549259881169e-02
2.925624463431979877e-02
2.776262115625690446e-02
3.014009386294932286e-02
2.868185208005601464e-02
2.194583150597248164e-02
3.122525892886412330e-02
2.814157513932491819e-02
2.500402536330332062e-02
2.616986863636325614e-02
2.573516786042428367e-02
2.619031466668803043e-02
2.323875003650620677e-02
2.651150451699468835e-02
2.993416296406922056e-02
2.924658754560413576e-02
1.872101268492298506e-02
2.187445267544840810e-02
2.673613911333014639e-02
2.338090645372838811e-02
2.143934086339913114e-02
2.309330633764563462e-02
2.451271681731421667e-02
1.877692257471664378e-02
1.796827009698680894e-02
1.959430095272339523e-02
1.963426983110153068e-02
1.907299569942282405e-02
2.063047630139026520e-02
1.884075473067859177e-02
1.963451894207088322e-02
1.744213736479358762e-02
2.012684050468022817e-02
1.748847681942775414e-02
2.047640362974853870e-02
1.673839348311756056e-02
1.696397769537500572e-02
1.758874955136024640e-02
2.131493159335891285e-02
1.668564414506554239e-02
1.418807531766521496e-02
1.693974272992717495e-02
1.324422181842911141e-02
2.005289883071119730e-02
1.556050165452935868e-02
1.658572955247008401e-02
1.748542515146097806e-02
1.610141637669540438e-02
1.477116724447990158e-02
1.443749324124848736e-02
1.244602478915943396e-02
1.573179438353825357e-02
1.490772612523981813e-02
1.307179438922334916e-02
1.108716410976796213e-02
1.310335363101375501e-02
1.456252391048851527e-02
1.448083770611548193e-02
1.100556868482552644e-02
1.095335652637431136e-02
1.156360092488262388e-02
9.856442023840231853e-03
1.383164725262017898e-02
1.193947093620801800e-02
1.124724351169631605e-02
1.056626593582660895e-02
1.278705089502137245e-02
1.070681413525394199e-02
9.395587232149499660e-03
1.106886350590841929e-02
9.858730683698821093e-03
1.291992489691101177e-02
1.144219382971596762e-02
9.352727710550840304e-03
9.190804707602329496e-03
1.030112760801369515e-02
9.360570357085510815e-03
9.909352559065503704e-03
8.598931104656743971e-03
1.061089349489711779e-02
9.699082009528528503e-03
8.767610300873579857e-03
8.171165528484031909e-03
1.028786160201754576e-02
9.469836409530047600e-03
7.660359538194376483e-03
9.050620802850342303e-03
7.867865688926884218e-03
8.359696723752597577e-03
9.820460801813483270e-03
7.877762641522415010e-03
7.060880020766669915e-03
7.432927542228674918e-03
7.542188741607799493e-03
8.689000205989194994e-03
7.866394647548369604e-03
7.830151882670876098e-03
7.523704536058659249e-03
6.259159414191153847e-03
6.377345232893859989e-03
8.614805461222743710e-03
8.342200248221104397e-03
6.943731806381104980e-03
7.444801634867164938e-03
5.834351138617107149e-03
7.237394665937110436e-03
7.490895268197893600e-03
6.609886924956928471e-03
6.498702007465796508e-03
7.279009839504834919e-03
6.732086855894533171e-03
6.890899999015581874e-03
7.044697046600319028e-03
6.829039342777900104e-03
6.596066448537666466e-03
6.358871302832421780e-03
