7.075915037113943429e-01
3.944001150719913529e-01
3.729965828083179891e-01
3.672312824446478108e-01
3.343001961708068626e-01
3.484445045759648196e-01
3.094631809879232476e-01
2.989370271931459655e-01
3.061277772173469636e-01
2.883085322048928867e-01
2.919732823232074059e-01
2.878571727761515819e-01
2.957954449970044974e-01
2.870555940785525784e-01
2.735610176199748111e-01
2.581110234337824494e-01
2.657073328708424720e-01
2.843618812936323792e-01
2.606605697193263294e-01
2.629295753843990391e-01
2.523807077312175129e-01
2.609555623781533717e-01
2.592227986933272610e-01
2.510134456242308354e-01
2.521646853214428718e-01
2.797190948400968269e-01
2.548575846501338615e-01
2.441876017017129141e-01
2.362473793235825847e-01
2.357601963443520521e-01
2.321067310869693867e-01
2.329079476955496220e-01
2.369960131744543730e-01
2.306454566985736698e-01
2.257020352247320616e-01
2.253610752522945404e-01
2.264125279714295780e-01
2.211125806801848837e-01
2.063216667576336649e-01
2.030555633023197193e-01
1.955424916689042780e-01
2.325961835038514725e-01
2.121848934686478283e-01
2.213181780628216133e-01
2.085055529887293591e-01
1.921662554006885737e-01
2.222952276560259399e-01
1.887052533527215359e-01
2.294730129295293186e-01
1.948372485645023522e-01
2.035664160770398468e-01
2.004814625614219359e-01
1.971096838651983929e-01
1.988909846286714689e-01
1.877545332007202195e-01
2.054649981267658299e-01
1.956506947032463362e-01
1.937718614843892406e-01
1.755093969036767565e-01
2.087065909931689056e-01
1.834952207903067234e-01
1.761505301075952934e-01
1.897314286802286032e-01
1.730266522018261977e-01
1.782265444044713598e-01
1.797380688565748674e-01
1.800353478870274082e-01
1.690743746672883352e-01
1.750999692321559553e-01
1.680759200895274030e-01
1.671949174393106419e-01
1.733282319879458355e-01
1.744191588351020061e-01
1.744433914713653389e-01
1.620533873591526175e-01
1.575930999660933585e-01
1.634262292381422066e-01
1.606530982587072720e-01
1.702853188470557777e-01
1.670669936563497771e-01
1.640863097514267399e-01
1.709165606141826166e-01
1.514343053838353159e-01
1.618694563890680782e-01
1.595633112629990524e-01
1.603604137989473877e-01
1.580795867759504369e-01
1.607558452052834652e-01
1.661686497889919012e-01
1.668221897457116965e-01
1.684775479873757420e-01
1.553762143638766913e-01
1.595085465889654053e-01
1.629149547927541408e-01
1.552750427505852349e-01
1.490301436480180597e-01
1.467424546126966101e-01
1.537053378919760460e-01
1.482650755180252855e-01
1.555731445114001688e-01
1.508544074256479017e-01
1.533677834143609142e-01
1.524007645608098371e-01
1.555843801364118761e-01
1.498688966725711391e-01
1.451923650309995262e-01
1.472333600307688395e-01
1.494547352930645778e-01
1.541104635338724493e-01
1.506902424687588671e-01
1.468872259244506651e-01
1.411241845676192430e-01
1.421488299275990019e-01
1.489410147806744522e-01
1.446917295961836214e-01
1.446646040443468895e-01
1.427631305415689167e-01
1.406415051792138937e-01
1.418243812098179402e-01
1.417134223298893991e-01
1.491725949961462128e-01
1.425677425837443280e-01
1.452021519894953205e-01
1.367049653405024712e-01
1.386882667464238716e-01
1.434811280143481749e-01
1.406268900237333530e-01
1.354862460521636114e-01
1.336549457438566124e-01
1.359542613734065764e-01
1.297808087465387727e-01
1.334673786880793411e-01
1.157708424430938382e-01
8.768518764675123367e-02
9.088351851110748614e-02
6.826887732353004168e-02
8.316774772405394200e-02
8.697148761230544256e-02
6.872882758066731212e-02
7.975185100056725318e-02
7.476551918827434307e-02
6.206210425704211664e-02
7.617076817924375853e-02
6.881881232716913210e-02
5.678198187946870840e-02
5.286892580894615029e-02
5.997813568701306636e-02
7.104689211751345768e-02
8.094120226170936627e-02
6.132055595359063582e-02
6.611574618390152203e-02
4.920608744073377144e-02
6.191254314311843421e-02
6.336592706725185931e-02
5.562387973531494195e-02
5.252133858575913639e-02
4.642908435927870642e-02
4.423243772097644466e-02
4.877698178317564637e-02
5.545775831891166380e-02
4.581622736417849395e-02
4.983262059900027408e-02
4.246550597233214597e-02
4.868956308004900729e-02
4.391637704738295123e-02
3.619830854227019251e-02
4.421923035537654589e-02
3.933746465862682923e-02
3.624346339800265521e-02
3.929083561115139650e-02
4.827814191312315012e-02
4.483330269246419558e-02
4.138249383553399552e-02
3.952958282628700470e-02
4.163571134301974341e-02
3.729217464185498321e-02
3.178757125489128921e-02
3.579946617783768409e-02
3.727718254532966929e-02
3.987082592301490619e-02
3.004234571402955578e-02
3.200358621433684742e-02
3.546988835848794569e-02
3.054594916222727607e-02
3.365252381357735495e-02
3.001414641577507605e-02
2.836667206503966712e-02
3.089746823153504546e-02
2.930447867664851339e-02
2.247050132112089760e-02
3.215061810552458793e-02
2.880196697806241060e-02
2.559404853275254119e-02
2.657494175558288915e-02
2.645747341814035439e-02
2.685320882480965107e-02
2.388181827249983430e-02
2.719869854087768324e-02
3.077146294635445950e-02
3.023331725935237552e-02
1.923150532434922400e-02
2.236628147460309121e-02
2.731770065860877894e-02
2.376000265462663991e-02
2.184515661655394778e-02
2.358321853761380024e-02
2.517950004798932828e-02
1.920651023279383932e-02
1.838454662619268612e-02
2.001717222054948120e-02
2.016121707885848782e-02
1.948926876089832061e-02
2.112271191049162541e-02
1.926145633279017361e-02
2.010403752428379515e-02
1.767856424804999799e-02
2.059982998420938419e-02
1.790043020061861043e-02
2.086519307488035602e-02
1.718940432182995345e-02
1.742394115559071921e-02
1.808094920848861420e-02
2.170966397019201757e-02
1.690482103264833932e-02
1.449321669361207029e-02
1.723005724594303678e-02
1.353066477933096388e-02
2.054886645120219610e-02
1.602380385561165410e-02
1.697102998124574991e-02
1.793486688170279481e-02
1.640399372228762767e-02
1.520446160901108880e-02
1.466752555143102654e-02
1.269119632722019199e-02
1.598665353702264508e-02
1.512993609048806504e-02
1.325153332164394869e-02
1.126342007063961016e-02
1.331475851061834047e-02
1.488492313714524264e-02
1.473966888935688072e-02
1.111956094913312161e-02
1.111156239739226163e-02
1.177362245730561099e-02
1.007937186813486971e-02
1.403679673078807311e-02
1.210668912527120347e-02
1.152758866832367945e-02
1.080521495761090252e-02
1.307542361965929184e-02
1.093767302276835683e-02
9.642858137912310723e-03
1.134910232696464266e-02
1.009173519722862504e-02
1.326465558683515705e-02
1.175783120320150407e-02
9.581839705953915098e-03
9.307067969796852663e-03
1.050243689921309675e-02
9.562993838756450246e-03
1.013630834654128364e-02
8.808293711859890504e-03
1.083133555241910968e-02
9.912367940688893153e-03
8.921543476118625957e-03
8.354719479494173567e-03
1.060588897854375726e-02
9.626619399814219380e-03
7.831448990135768048e-03
9.184154810954067716e-03
7.949145832125631764e-03
8.557097643685587091e-03
1.004867000711491543e-02
8.059657224920455110e-03
7.200478940216900603e-03
7.587370764187294572e-03
7.690907946231826699e-03
8.964758372056525967e-03
8.118649226510310860e-03
8.006665995770073652e-03
7.736270923395817227e-03
6.376498065495148776e-03
6.476677850544288774e-03
8.779688998917080031e-03
8.477005925233017936e-03
7.051704365422654594e-03
7.631083721435622490e-03
5.916292839218626962e-03
7.436144066370032300e-03
7.713945611372024017e-03
6.731763930871901246e-03
6.605103255588256478e-03
7.457915287680261414e-03
6.876512933559123658e-03
7.047613891744237795e-03
7.223898584939372411e-03
6.985096811248089205e-03
6.776411177306838896e-03
6.491054986751502130e-03
