7.813456267118453757e-01
3.730661728867777915e-01
3.503885589631987041e-01
3.413951132400536159e-01
3.176101621838263722e-01
3.517011065541962300e-01
3.279574039173714928e-01
3.178170329994625676e-01
3.091897556627238308e-01
2.920863749160442779e-01
3.036570903511695008e-01
2.991985003153482814e-01
2.817486289290734303e-01
3.148157347315623245e-01
2.738744282244164330e-01
3.455663673855640106e-01
2.786388328597869668e-01
2.972754632985150636e-01
2.816026736924677754e-01
2.731076843852613956e-01
2.758854901533068227e-01
2.702929754867965939e-01
2.634665106181744987e-01
2.555299415816495445e-01
2.584159147960168323e-01
2.578688011125281898e-01
2.692685172329714050e-01
2.601747001670761117e-01
2.531996446443192661e-01
2.329690697752399287e-01
2.788643758698010067e-01
2.600053836810000130e-01
2.092312278570952200e-01
2.282116417807561470e-01
2.284291108265335268e-01
2.291476384357169771e-01
2.234920995562900692e-01
2.339401843279232118e-01
2.167242782811323876e-01
2.330308516452341827e-01
2.096980529710834318e-01
2.094566798320522949e-01
2.191205859000300293e-01
2.119035157064596830e-01
2.051364433572248069e-01
2.094970475192423354e-01
2.160562355393244871e-01
2.291485645980746721e-01
1.935121019313364721e-01
2.058419349476879046e-01
2.153285001531059228e-01
2.243784466919339637e-01
2.052215214588759828e-01
1.821248019918983441e-01
2.049345526890254399e-01
2.027448431853159094e-01
1.970923797997795601e-01
2.031453215045693483e-01
1.972885895198510098e-01
1.933282142620027788e-01
1.957026602677356952e-01
1.878254245736716843e-01
1.772193941943071560e-01
1.909646722591585577e-01
1.748621181619388065e-01
1.823518585045764417e-01
1.892166781204718262e-01
1.954553596859360809e-01
1.788700847668044380e-01
1.897679618019380565e-01
1.925321724127840028e-01
1.801553420170589614e-01
1.746740920032248123e-01
1.945624456453470541e-01
1.718758100712740877e-01
1.878422451699957307e-01
1.837705356195385165e-01
1.779002546850178001e-01
1.664476663886028940e-01
1.788777435267413229e-01
1.792635111207211418e-01
1.897195967719142728e-01
1.616921151033890169e-01
1.716605132652653520e-01
1.703475665439058151e-01
1.689611346633345945e-01
1.776961830663092434e-01
1.660688307228279648e-01
1.612875482182443976e-01
1.657911641132316372e-01
1.590342165419348919e-01
1.560504862371786261e-01
1.708243573314429664e-01
1.654291608359342858e-01
1.521494170121940603e-01
1.650635457701153108e-01
1.746643082227236077e-01
1.574382317746862991e-01
1.627442230321007044e-01
1.590931606145552513e-01
1.640656878182917555e-01
1.711747385285518896e-01
1.601462175218779371e-01
1.538777366188573137e-01
1.619367862925117363e-01
1.561860756189734911e-01
1.588507227047726011e-01
1.617040668418746052e-01
1.534447898329407978e-01
1.478182061862798324e-01
1.545718002328534124e-01
1.537699435964042793e-01
1.535379815478751797e-01
1.488896363403326151e-01
1.626951867093642534e-01
1.426207163359647923e-01
1.458793975872758053e-01
1.615912837378772615e-01
1.474608367883864790e-01
1.470928852112940721e-01
1.561141808827718191e-01
1.531551123769195055e-01
1.452709322726284946e-01
1.541151304487828888e-01
1.412072176642623911e-01
1.368910931142759968e-01
1.370313611824387490e-01
1.532852281068945999e-01
1.350954978784293381e-01
1.421560236172359770e-01
1.429382681294723845e-01
1.541476181995721506e-01
1.447128420626675738e-01
1.379805066335348385e-01
1.340290065394875441e-01
1.431996903025809509e-01
1.225326521713056699e-01
1.280501700132901377e-01
1.300989698802615391e-01
1.145088457559913786e-01
1.144625547629447571e-01
1.180127905727720583e-01
1.161122565123218070e-01
1.204723717288378598e-01
1.149656589361436609e-01
1.060186506536455742e-01
1.255548640004830463e-01
1.124483971270146127e-01
1.109622484463968356e-01
1.148816724733254108e-01
1.131870898659582542e-01
1.224981616555862601e-01
1.131638718791949938e-01
1.048296515473429030e-01
1.038392821671786093e-01
1.022102193228532491e-01
9.881975752887901809e-02
1.051369195803999873e-01
1.106268658728143256e-01
1.001161712946163351e-01
9.490338678897163038e-02
1.022694992375801498e-01
1.008329102091123225e-01
1.041730017504758354e-01
9.466896030281521379e-02
9.589006804090774438e-02
1.019777353726511321e-01
8.336187770912124873e-02
8.768242156638959839e-02
9.352266671607431525e-02
9.867569151518429393e-02
7.386347432563333815e-02
9.515345346608003463e-02
8.333115480900570027e-02
9.973268420435488224e-02
8.658174565033181780e-02
7.165852620749285640e-02
6.036137313924062886e-02
6.208591390254528108e-02
7.282845956003178300e-02
5.453678501613961477e-02
6.293318301527674186e-02
6.202010676163438596e-02
4.438335678398603462e-02
4.118928001176014320e-02
7.138920962076812649e-02
6.622784607732930262e-02
4.132676142605451464e-02
5.666749181783180267e-02
5.248065566580115832e-02
5.412896568942628106e-02
4.225334674609504404e-02
5.444041498632020554e-02
4.779228246186027762e-02
5.516635334375386002e-02
4.669005415747466692e-02
3.372928218089293884e-02
3.970410991019934083e-02
3.830843277042327716e-02
5.802265854549154556e-02
2.994375392149384307e-02
3.142073656610457066e-02
2.633523074030192854e-02
3.171402543036189875e-02
3.496249513935500985e-02
3.253398018280194426e-02
4.069916230816746777e-02
3.343010395825263964e-02
3.713385416482466173e-02
2.449842588266395310e-02
3.405039284948150474e-02
2.548471830227585708e-02
3.593592423159278071e-02
3.310366865583619367e-02
3.137193275075041143e-02
2.941622746055841398e-02
2.821497624230867238e-02
2.880977989997529631e-02
3.542119892698354644e-02
2.856565116653206338e-02
2.574976694461018900e-02
2.377103139821019201e-02
2.510896850729037524e-02
3.063555439938356328e-02
2.605813039467591921e-02
2.311952625460423835e-02
1.924723831036968466e-02
2.267874397773904371e-02
1.924890515510811750e-02
2.000669706761039335e-02
1.970664545183073088e-02
3.033733377118618540e-02
2.209906361986438070e-02
2.102221200126829642e-02
2.011383336316219239e-02
1.541618582649239254e-02
2.113781995127664987e-02
1.648479194718001362e-02
1.427256386008661157e-02
1.749207109122734305e-02
1.543758555210135615e-02
1.574055903702286166e-02
1.310567157412196454e-02
1.521303290695262371e-02
1.514148655040700731e-02
1.453268690879836074e-02
1.363143593007183109e-02
1.267214659605548320e-02
1.355302115377672242e-02
1.166768434511399402e-02
1.185861505311302903e-02
1.217256277150844702e-02
9.899879488237971203e-03
1.223255156472661739e-02
1.314706576305733031e-02
1.015156497252727059e-02
1.471773728881257959e-02
9.754425566694565133e-03
1.149140176502172483e-02
1.745486175800410600e-02
1.044022916470746694e-02
1.048651546722996659e-02
8.568865375475721857e-03
9.179492006997289066e-03
9.499220477715021246e-03
8.963109219422659216e-03
8.517628055271394411e-03
8.730861025781641929e-03
8.133049189545101670e-03
7.791507231827437922e-03
8.342904820071935651e-03
8.635460882931196222e-03
9.812948369741196150e-03
7.895019494123887288e-03
7.467504457585680960e-03
6.940054700662810078e-03
7.858300979930872912e-03
7.014284824620034553e-03
6.344596897651857449e-03
6.368697992674983432e-03
6.179009177233716482e-03
6.130524275681356258e-03
6.344063140273579690e-03
5.699260879570807077e-03
6.650458744530781362e-03
5.803547429132934095e-03
7.006354685740410863e-03
5.395437315105538340e-03
5.453464964203805221e-03
6.224104418280754919e-03
5.811549780998946126e-03
5.819604030016251560e-03
5.362274264245323746e-03
6.193796565310796115e-03
5.711565097205639416e-03
6.075608423942204829e-03
6.401823106591985300e-03
5.402562909106294227e-03
5.387545228617410253e-03
5.129977741646064848e-03
