7.093785554170608521e-01
3.793708639380372616e-01
3.561422735452651755e-01
3.455022940297185485e-01
3.214397154288527458e-01
3.558061177531878227e-01
3.293008018790939961e-01
3.241954104767905132e-01
3.136463590058279349e-01
2.973720237336777150e-01
3.102998478729047660e-01
3.046135326226552253e-01
2.863737940052409336e-01
3.208876972029238717e-01
2.798092292046841512e-01
3.516969716843263427e-01
2.848754391994005597e-01
3.047069238291846283e-01
2.889725804328918679e-01
2.786223751803239002e-01
2.811671934745930135e-01
2.767624586268707665e-01
2.703486866789099885e-01
2.615986715864251910e-01
2.644082427024841420e-01
2.644012198771959476e-01
2.768945532080567817e-01
2.661519846614496254e-01
2.597232444602766144e-01
2.390444486781402866e-01
2.865196106426509681e-01
2.684029432726495190e-01
2.143083183393802160e-01
2.343525591731807356e-01
2.344650469720363506e-01
2.357521685553185808e-01
2.294504074770727375e-01
2.408804455013186796e-01
2.221771116793891665e-01
2.387770313999535154e-01
2.149019826801470689e-01
2.146493991032058790e-01
2.251801602542400360e-01
2.178278389352339417e-01
2.102228882596080817e-01
2.159334377006248140e-01
2.219914931206055653e-01
2.355803076315809153e-01
1.983711634797078460e-01
2.113096648436269542e-01
2.215012664044344881e-01
2.292769231546072373e-01
2.111314477008066071e-01
1.869687851472401352e-01
2.106543455502869200e-01
2.077930695664735594e-01
2.024183234268868425e-01
2.087343031149587469e-01
2.023653549636587612e-01
1.986080550209239626e-01
2.002203037525400742e-01
1.925453071516972925e-01
1.819836225314640787e-01
1.963837933945067060e-01
1.797268274665614618e-01
1.874669155128944054e-01
1.942048864324151802e-01
2.005124518164881908e-01
1.835563777129591290e-01
1.944676304764953734e-01
1.976348515048071131e-01
1.855093238622318175e-01
1.789221826986766017e-01
1.989168797010257006e-01
1.752608457281265852e-01
1.923538875892574496e-01
1.884012138723959173e-01
1.822137794698830138e-01
1.703341137939765049e-01
1.831328856126393789e-01
1.834044595099525721e-01
1.933071983541235495e-01
1.653323488424957577e-01
1.755673185082865240e-01
1.740045748926975222e-01
1.730557328526988459e-01
1.822697639005419756e-01
1.704172909305787242e-01
1.653803002319218229e-01
1.698424596983341417e-01
1.631943337987234455e-01
1.601204281051953615e-01
1.752898013035272262e-01
1.696086169255000553e-01
1.559440371155002836e-01
1.685972775942013724e-01
1.790670307514108384e-01
1.615621795394906191e-01
1.670705257006633304e-01
1.631746240972000994e-01
1.680427337134325905e-01
1.754286639806297010e-01
1.641712206197373791e-01
1.577583774234409819e-01
1.655518993183418552e-01
1.605571887513369822e-01
1.629037352209841694e-01
1.654987230575011015e-01
1.574330194404831573e-01
1.516767274358390427e-01
1.581706979438478600e-01
1.579744614522766155e-01
1.578158315501095310e-01
1.523789573230861227e-01
1.666230308788794190e-01
1.461974814028283720e-01
1.495636375230035564e-01
1.654483816689915066e-01
1.514173601466564378e-01
1.510266438908414999e-01
1.603249625981222060e-01
1.566207594065754383e-01
1.488133485164539194e-01
1.582875525187930899e-01
1.447671806094822933e-01
1.402129240426016332e-01
1.406851787143099386e-01
1.573943943981035154e-01
1.387466262842034226e-01
1.457052273008926369e-01
1.467572668176374273e-01
1.574314536043891211e-01
1.483350555653925318e-01
1.419185953007804091e-01
1.373167265183579677e-01
1.470143334365185406e-01
1.257747780048736885e-01
1.311541007417771632e-01
1.332701551026584108e-01
1.172701714583385124e-01
1.173476250681244337e-01
1.207541329211291037e-01
1.191996719354740664e-01
1.236206828674048519e-01
1.183631409856456262e-01
1.086811460117683009e-01
1.287533702167831806e-01
1.151664951390782288e-01
1.140435593961565547e-01
1.171071819271202463e-01
1.169382766717010080e-01
1.257426241016084412e-01
1.158324635093226779e-01
1.071466332393479909e-01
1.062904034982676826e-01
1.049728086586167730e-01
1.012284878353921780e-01
1.086513753210044952e-01
1.132596085951836085e-01
1.028464210737082690e-01
9.707867285455173967e-02
1.049974966762633466e-01
1.037910355588444189e-01
1.068209482368403795e-01
9.739031362358802069e-02
9.884837579648987627e-02
1.048325053991082945e-01
8.580236352727184379e-02
9.062200904720359163e-02
9.602787609350074693e-02
1.019776523176488675e-01
7.641561016624356939e-02
9.821146397598455591e-02
8.595694845979227894e-02
1.027602998729519324e-01
8.940736767778426075e-02
7.446257842440204278e-02
6.265915201899284470e-02
6.452078887643752925e-02
7.524691253388875178e-02
5.667995583401837928e-02
6.499881182900014986e-02
6.421987818389481018e-02
4.537717434430327962e-02
4.240697627512732271e-02
7.392837194004384105e-02
6.854452849940660675e-02
4.255816471954465552e-02
5.858689069293042395e-02
5.433939177547236765e-02
5.607374758977208551e-02
4.367739263473561367e-02
5.664984279163619990e-02
4.971195363379794785e-02
5.753285712470878471e-02
4.853790118948292376e-02
3.485062128035488344e-02
4.061205028082002372e-02
3.977626880106398255e-02
6.028640472400577377e-02
3.094301859961248041e-02
3.247265788012566184e-02
2.713035413728532783e-02
3.297333717522925312e-02
3.630984247217305255e-02
3.385072700400121315e-02
4.233216156034707439e-02
3.471523703888067941e-02
3.847947290163754308e-02
2.537644318575603755e-02
3.559995392453048357e-02
2.651171476322534970e-02
3.746931308550200540e-02
3.441571202952387054e-02
3.232672370282940744e-02
3.044247484011762539e-02
2.923469624928893076e-02
2.981433291347962422e-02
3.683006463551587867e-02
2.971872465131588162e-02
2.674723797635247813e-02
2.469563786975256456e-02
2.611968080240510692e-02
3.193225495032279981e-02
2.704280544600727587e-02
2.398556099445911180e-02
1.994742992584504562e-02
2.353800640123805341e-02
1.991764959248142411e-02
2.078282683694088195e-02
2.063720678530882313e-02
3.143297063756175791e-02
2.303723579595195331e-02
2.205737441779799871e-02
2.089356896690726037e-02
1.626675186235607487e-02
2.206086963437939308e-02
1.708078876619855552e-02
1.492372031811505136e-02
1.827144326272429203e-02
1.626924877575871425e-02
1.653704276168692019e-02
1.358899867044626418e-02
1.579022398777571098e-02
1.571317880284200247e-02
1.513397594827539314e-02
1.424029256251495464e-02
1.324568351899443712e-02
1.417918522271335163e-02
1.224810627017581741e-02
1.239130596771830829e-02
1.271476819879858826e-02
1.038205367126858632e-02
1.281911649265802394e-02
1.375816651818835730e-02
1.059480689933917780e-02
1.529698913648835402e-02
1.016503708302244138e-02
1.190173981744582950e-02
1.822374038454115455e-02
1.084410833037385835e-02
1.089304437416979340e-02
8.916717793440680564e-03
9.524464540344872859e-03
9.986422921151700063e-03
9.384101725143768544e-03
8.863530908187677512e-03
9.074019002940829012e-03
8.491393107273504173e-03
8.077920100481325236e-03
8.683379738014970067e-03
8.996061393712874443e-03
1.021909916303061217e-02
8.208121923672356129e-03
7.792514588763205241e-03
7.190611363261336340e-03
8.108425072107842968e-03
7.367348672704355020e-03
6.621213544243194707e-03
6.626093339543140566e-03
6.394489431293685390e-03
6.385744348416564319e-03
6.566734990096454762e-03
5.890646401460091983e-03
6.880900851353016420e-03
5.975116057009663417e-03
7.228621349708034410e-03
5.581087421532971923e-03
5.646200152615940375e-03
6.484397042985630931e-03
5.997267370310757455e-03
5.988381386502882736e-03
5.553530782093236626e-03
6.392457304782847224e-03
5.878299361366198274e-03
6.316958294409243634e-03
6.631582398470943322e-03
5.576268736445786842e-03
5.553742095512630324e-03
5.284863980563229459e-03
