5.921995621979420435e-03
1.732400252863212919e-02
2.242579296875147135e-02
2.748835393124156659e-02
3.106412478251221673e-02
3.304309030695829624e-02
3.978991110659675645e-02
4.491471701566084052e-02
4.717512286187690307e-02
5.048910365152506352e-02
5.434171895921965922e-02
5.490481778059476403e-02
6.140620726862071332e-02
6.518788800379377024e-02
7.063405002340858441e-02
7.921511976071346495e-02
7.638557532595263710e-02
8.389359193819539984e-02
7.740213195850820238e-02
8.175654361645380563e-02
8.667949456031676103e-02
9.653954841656449404e-02
9.492170254895349046e-02
9.848577924256707306e-02
9.921858805565186845e-02
9.688945978328034059e-02
1.065822759298262756e-01
1.056036557404347459e-01
1.072573205295168364e-01
1.153376213562341407e-01
1.152935900621944038e-01
1.186573149107488651e-01
1.063267832736910085e-01
1.068816830944499807e-01
1.047920816658455684e-01
1.042902915750020809e-01
1.043698223376715584e-01
1.018229841542096781e-01
1.010325354650432744e-01
1.006606545989160162e-01
9.912900244932115745e-02
9.839672626536569155e-02
9.563474055885533287e-02
9.829588454262709607e-02
9.368636952138241492e-02
1.050911252973256299e-01
9.612017764169493439e-02
9.829594468996848133e-02
9.482397968754356643e-02
9.713553244500984507e-02
9.134513492477529251e-02
9.463161623772280151e-02
9.537984806078451949e-02
9.317625038049838493e-02
9.906659294609669597e-02
9.835348497202367479e-02
9.251505073941784785e-02
9.292655996518370265e-02
9.611300847688575288e-02
9.416639132448184624e-02
9.176403840566858816e-02
9.393188359652772379e-02
8.977006981954162301e-02
9.266815086205799912e-02
9.442445512539074381e-02
9.246794122880623579e-02
9.383658378580470028e-02
9.241639969893443440e-02
9.663700150486863316e-02
9.563409811644642267e-02
9.325484738305762911e-02
9.274260520843076450e-02
9.476639566782080193e-02
9.301199921763238232e-02
9.024581006371680536e-02
9.244685251219772470e-02
8.972700068980087040e-02
9.124984703498122129e-02
9.731650229221508464e-02
9.605692108104257887e-02
8.906603285835848482e-02
9.297668083950325069e-02
9.495715305761054381e-02
9.331034926904571702e-02
9.317887475093206140e-02
9.373357001646065445e-02
9.277684418139633959e-02
9.082553089584832762e-02
9.874732165056981925e-02
9.658982913803171311e-02
9.358608436621265736e-02
9.129589930360700045e-02
9.688902178112371311e-02
9.140077897427995035e-02
9.586980866245281563e-02
9.446876252323020695e-02
9.273447183731162169e-02
9.000633727805114337e-02
9.649892598390578946e-02
9.443664200328014124e-02
9.088157486216522085e-02
9.018866727013646889e-02
8.791071565614806682e-02
9.137993111838528526e-02
8.910823429440274668e-02
9.474776297071833830e-02
9.136783512838092536e-02
9.141858496967657233e-02
9.182629831779150209e-02
9.248884671632154331e-02
9.315132908063170070e-02
9.180553377962406836e-02
9.145301061647909124e-02
9.018937788535782984e-02
8.751762062311171930e-02
8.962858239257777415e-02
8.731763255265023727e-02
8.994849845307108238e-02
8.778546692596542189e-02
9.137809378681359396e-02
9.193541323881090910e-02
8.879018100323500529e-02
9.224671577965772029e-02
9.190083535181151064e-02
9.305813192953298063e-02
8.749099544904849479e-02
8.821002880548253766e-02
9.282258142843657911e-02
9.179488293550631950e-02
8.490135272343952988e-02
8.607419644608910181e-02
8.909523183548892500e-02
8.776971532238854456e-02
8.255976634445014173e-02
7.753511793727492496e-02
8.225896168086263560e-02
6.796455782964641590e-02
6.700783783546936101e-02
6.892177688854711493e-02
6.753596018677876511e-02
6.041152000795176058e-02
5.861617476207974659e-02
6.067362425641881218e-02
6.261193390797685498e-02
6.075686051015868894e-02
5.854942487483775354e-02
6.110167231548715300e-02
5.686830866300029291e-02
5.686709895086141525e-02
5.950379760269029761e-02
5.296476698813983031e-02
5.760257832108088560e-02
5.816910759902294697e-02
5.453254250740563469e-02
5.450443753765688709e-02
5.522816374116105986e-02
5.554134600830298862e-02
5.157802648566387621e-02
5.602664489437032824e-02
5.053722443587985863e-02
5.093360289609358965e-02
4.823048802115666861e-02
4.450119291374712849e-02
4.861935897281876445e-02
5.166620384717796749e-02
4.819381278652099670e-02
4.822265164305766100e-02
4.741913357772577220e-02
4.089552157638985663e-02
4.396982011097817084e-02
4.006975390890866323e-02
3.691604278613755397e-02
3.729824162099832502e-02
3.109438125687984805e-02
3.054983834563582135e-02
3.136088722672911167e-02
2.735276287076649979e-02
2.360698086221093075e-02
2.107373497701813328e-02
2.057428111172752636e-02
1.669819897477641674e-02
1.616214644393803093e-02
1.525037395940334779e-02
1.344452224855805650e-02
1.288503637281534012e-02
1.445228566737546613e-02
1.435405205429336230e-02
1.056958342425203326e-02
1.167343482184712497e-02
1.180069965603588837e-02
1.036292722054906607e-02
9.543578380562169061e-03
1.027898796744943638e-02
9.394320198349126461e-03
9.335196524913089156e-03
9.250763528204213396e-03
8.387171226966102719e-03
9.205927752119339932e-03
7.457416398662004148e-03
9.273101448118801354e-03
6.783742955698988421e-03
6.949947136066233523e-03
6.214798571661195488e-03
7.401384520136037974e-03
6.765851111080853526e-03
6.640991273754345316e-03
6.356445416652907986e-03
6.641603261807266234e-03
7.046542318651372039e-03
5.472663108670485811e-03
5.721275638230216565e-03
4.972811362290766556e-03
5.988797682688146162e-03
5.827201939228186280e-03
5.227678507206426524e-03
5.287971807051633673e-03
4.975113862073394198e-03
4.850247290156448586e-03
5.326010666163867938e-03
4.952503162483615565e-03
4.328958408811480266e-03
4.413560759488142915e-03
4.142284349600905066e-03
4.794467181412152834e-03
4.402458580856838041e-03
4.467555599245472478e-03
3.789329880129554441e-03
3.931547439244668062e-03
3.455086397334076673e-03
3.115133279528509245e-03
3.405892501258576087e-03
4.096858036944378209e-03
3.891623587265645272e-03
3.597446879728432700e-03
3.721241194328701266e-03
2.930414637645568400e-03
3.348169604174068212e-03
3.074073922722657913e-03
2.549241562115235268e-03
3.064632691341642214e-03
2.883603150114117959e-03
3.407417447917037052e-03
2.487246459556590947e-03
3.040510532661789417e-03
2.739581594631337273e-03
2.509633791065246124e-03
2.386792454867477011e-03
2.236040053972873816e-03
2.469064376818556374e-03
2.011719911406319693e-03
1.821113617080738142e-03
2.026657973054867001e-03
2.130016104476655826e-03
1.960147048215910622e-03
2.070178004510968197e-03
1.951117436378191003e-03
2.667119092497339562e-03
1.863412837481541635e-03
1.736807568374421898e-03
2.104519963563408324e-03
1.813944559605406995e-03
1.677886784338265738e-03
1.705633832718803436e-03
1.829565893368217738e-03
1.734094918949132761e-03
1.501953002091649435e-03
1.548478985384945999e-03
1.649678845556250143e-03
1.571420080479044674e-03
1.490392918334871360e-03
1.562145494918459757e-03
1.480092727999565054e-03
1.378913516290830891e-03
1.576343869282375481e-03
1.186856571035200918e-03
1.300506595025244239e-03
1.677271035149726589e-03
1.260839585189881505e-03
1.328999154856442969e-03
1.417877969490493641e-03
1.247465980419225091e-03
1.314701929521016732e-03
1.229881981091665751e-03
1.306027938411671689e-03
1.555902774567517396e-03
1.224966709344665113e-03
1.090024107781326600e-03
1.151050377998610310e-03
1.021376595797195488e-03
1.146860208106694401e-03
1.345385186114408764e-03
1.087693363809160351e-03
1.369461541675443634e-03
1.048689127088032807e-03
9.689617385402577669e-04
1.024420426494296755e-03
1.022114764620912124e-03
1.221206922635269254e-03
1.237313330501718959e-03
1.086219022033253290e-03
