7.014466585568439605e-01
3.752937219577071049e-01
3.521898733980861618e-01
3.415385760274934346e-01
3.176423308106116061e-01
3.516282456156648029e-01
3.252254308189874710e-01
3.201189461313648232e-01
3.096109600346765300e-01
2.934413771754429412e-01
3.061764432140338665e-01
3.005234510258392167e-01
2.823281834246935684e-01
3.164357818755102469e-01
2.756578040527708495e-01
3.466570050260167069e-01
2.805613390825412723e-01
3.000562982794679479e-01
2.846085111484115693e-01
2.742561659327260037e-01
2.766747481845043266e-01
2.721287372671527538e-01
2.658155870474415150e-01
2.570736564419887626e-01
2.598397112187044167e-01
2.598847430429340744e-01
2.720702232218082939e-01
2.614381649151996112e-01
2.550461010248572524e-01
2.344080053729775404e-01
2.814250948528448926e-01
2.634297433918640907e-01
2.100894705564887444e-01
2.299328095843026776e-01
2.300849144933400370e-01
2.313748862272427542e-01
2.251280894985905334e-01
2.365045837138169960e-01
2.179892182626106123e-01
2.344335103384506680e-01
2.108224222321569141e-01
2.105868977896961092e-01
2.210762595228942806e-01
2.137428862721095779e-01
2.062977970842226061e-01
2.117366445653232621e-01
2.179085270490175308e-01
2.313229028181529312e-01
1.945395625115912686e-01
2.073085345971731608e-01
2.175210786086541614e-01
2.251405067833853468e-01
2.071716355872743054e-01
1.832840118971135746e-01
2.066236688904924124e-01
2.037985519494539544e-01
1.985970989513544394e-01
2.048443189189757818e-01
1.984702086099136009e-01
1.947914447957350970e-01
1.964279962358651266e-01
1.887884154179949869e-01
1.784160275656132000e-01
1.926207840626622536e-01
1.760897171258190563e-01
1.837940384760315127e-01
1.904359880052966802e-01
1.967095704358300945e-01
1.798349371524872731e-01
1.906572690808478743e-01
1.938444336255391309e-01
1.818529182746086714e-01
1.752801145254461734e-01
1.951110159219415219e-01
1.717371714887795664e-01
1.886265282553655220e-01
1.847689681468002720e-01
1.786097802037810156e-01
1.667233074566832340e-01
1.794229699091778873e-01
1.798305039788469784e-01
1.895504690798712477e-01
1.618162846537651856e-01
1.719845063708446697e-01
1.704375211655357603e-01
1.694914505299594532e-01
1.786372656945461046e-01
1.669400917297160225e-01
1.617924786276287441e-01
1.662527511103285560e-01
1.597322701304047243e-01
1.567340054997691523e-01
1.716437771617446428e-01
1.661263104206250063e-01
1.525051466154831448e-01
1.650572673222165110e-01
1.754656984114352503e-01
1.581876702192756834e-01
1.635131046221947881e-01
1.596949599269363584e-01
1.645844453922760409e-01
1.719131434129343994e-01
1.608115442787055593e-01
1.543920010926178865e-01
1.621503669170685780e-01
1.571003725545273844e-01
1.594878711128308313e-01
1.620533107147540675e-01
1.540620460370440425e-01
1.483487683083908049e-01
1.547619532701777767e-01
1.546006516312007639e-01
1.544513912664519373e-01
1.490862732132275936e-01
1.632457265331421492e-01
1.429787029730685000e-01
1.463584909606495121e-01
1.620334993128055290e-01
1.481870423542496484e-01
1.477281527570736275e-01
1.569251125701415783e-01
1.533134054898479814e-01
1.455157047758499911e-01
1.549083848932275020e-01
1.414939453986323870e-01
1.370941932370633165e-01
1.375506642630990595e-01
1.540050905335832443e-01
1.355597740614119806e-01
1.425856402258814104e-01
1.436064001632693377e-01
1.541080731116695191e-01
1.451325329733483549e-01
1.388875943827040382e-01
1.344257341697812080e-01
1.439371574854041436e-01
1.231901601991719636e-01
1.285334425966864758e-01
1.305907304249243894e-01
1.147743639156774270e-01
1.149947689685188734e-01
1.184016817870239408e-01
1.168250768359198610e-01
1.211637205076346452e-01
1.159983474140365983e-01
1.064499714239327960e-01
1.262757879969330366e-01
1.129046450035623567e-01
1.117965953930476625e-01
1.147682891848186698e-01
1.147471105495904697e-01
1.233655906782520073e-01
1.135374426933718345e-01
1.050076856956253801e-01
1.041619217483165799e-01
1.028461431819991528e-01
9.912946319242042781e-02
1.065684455182449308e-01
1.110328076108370310e-01
1.008345146755469379e-01
9.511096723216735938e-02
1.030101920153232847e-01
1.018926824695994132e-01
1.048068312583146228e-01
9.541030019337748413e-02
9.692559905672147591e-02
1.028482746240901302e-01
8.402036217236776017e-02
8.892727409960862750e-02
9.421325286930817833e-02
1.001895004935148686e-01
7.493865466331718628e-02
9.651396435535984641e-02
8.450174924190283210e-02
1.011519768626003707e-01
8.791433247697344466e-02
7.319893810242690535e-02
6.158339888961227027e-02
6.347845511778292538e-02
7.410714241624292986e-02
5.580062414972215140e-02
6.404623697403341587e-02
6.329467008109521120e-02
4.466445039175192394e-02
4.173738273091680273e-02
7.292543465444419060e-02
6.759516909063856271e-02
4.193350538436430019e-02
5.778674724497250004e-02
5.357857112371058189e-02
5.532519947113160447e-02
4.306398754130817685e-02
5.589985888319562446e-02
4.904614425772538255e-02
5.679448946747593652e-02
4.788598560722383962e-02
3.434558493680037877e-02
4.003089066077167996e-02
3.924403594131114364e-02
5.952071613396078126e-02
3.050790623602091592e-02
3.201945153931673449e-02
2.674270562594172757e-02
3.250816917494645658e-02
3.582490044666176293e-02
3.339256727008040049e-02
4.179804082844463392e-02
3.424810391987215957e-02
3.796720367712017041e-02
2.502200573004683889e-02
3.514502464994070929e-02
2.615741129925650346e-02
3.699017801530395805e-02
3.396813130188497398e-02
3.190845097073358866e-02
3.004255293727274567e-02
2.885304423895753215e-02
2.942923045588997227e-02
3.636933267347625814e-02
2.933401820484482850e-02
2.640316123903894627e-02
2.436965629714994697e-02
2.578574537012712220e-02
3.153001018420548140e-02
2.669417488726442966e-02
2.366501463630688029e-02
1.967917084700533323e-02
2.323258806054245493e-02
1.965605870356717036e-02
2.052045735685349009e-02
2.037202250023514155e-02
3.104766000804734180e-02
2.273841281882293258e-02
2.177520336498235676e-02
2.061800591357574805e-02
1.605398169860653909e-02
2.178252784826978372e-02
1.685445938912582403e-02
1.473000980287322847e-02
1.803523002130262912e-02
1.605720084625441788e-02
1.631148884535821297e-02
1.340819707755055122e-02
1.557728346737191800e-02
1.550697228496776200e-02
1.493845648717664724e-02
1.405624235961640961e-02
1.307424120704362563e-02
1.399427379161172560e-02
1.209119500773329220e-02
1.223629757574531962e-02
1.255250954311493312e-02
1.024045460015505886e-02
1.265758796635616142e-02
1.358529233526373226e-02
1.045426891549725013e-02
1.509646939083677912e-02
1.003022457800712558e-02
1.175208962994093130e-02
1.800710123447016309e-02
1.070342716220188187e-02
1.075462145448415757e-02
8.796916331311315299e-03
9.396078210649513873e-03
9.856748822629149073e-03
9.264431612276287017e-03
8.747385003042286791e-03
8.953716833906425268e-03
8.378634205206410279e-03
7.970197091055052432e-03
8.568707809423852656e-03
8.880104972829512902e-03
1.009339142308896507e-02
8.097644938810351703e-03
7.694102335586581499e-03
7.095200658144070784e-03
7.996296537877006783e-03
7.271989086965181988e-03
6.531187564997360459e-03
6.534048851562495631e-03
6.307750014524078110e-03
6.298145096610667168e-03
6.478696760149275057e-03
5.807533175092105017e-03
6.783278202090761017e-03
5.892581215769013801e-03
7.136757352278706723e-03
5.504112074300163485e-03
5.571237996029010722e-03
6.399218756503356406e-03
5.912244118202197689e-03
5.908431389243111280e-03
5.472518777451899734e-03
6.309545622139292945e-03
5.801804491640701056e-03
6.235713797249681570e-03
6.547121808199211912e-03
5.497819007483866968e-03
5.475120323858896285e-03
5.211839786784647210e-03
