6.999050011605392196e-01
4.113342751691370647e-01
3.732005807352654636e-01
3.574449759574583885e-01
3.234194645543157498e-01
3.004332169522473950e-01
3.083906695798591113e-01
3.297427525306925178e-01
2.981827814085983852e-01
2.880311520011336612e-01
2.944820563090436161e-01
2.685350895111943692e-01
3.122343350891713665e-01
2.767958828144603256e-01
2.897694125863504722e-01
2.843855617958822579e-01
2.728357760810557475e-01
2.667976565015168777e-01
2.572033700751669705e-01
2.993219071884213878e-01
2.483566216848514807e-01
2.712488152546647102e-01
2.591061235853919231e-01
2.370297894249727699e-01
2.489182387973055410e-01
2.719536276327239044e-01
2.661188832127753812e-01
2.565986803100432923e-01
2.795281835176326446e-01
2.683776967871336350e-01
2.365453731866530296e-01
2.537157687048117172e-01
2.476429684846489510e-01
2.481826662465378142e-01
2.504131184591923409e-01
2.541775363830872658e-01
2.402573258052637661e-01
2.467662324600013724e-01
2.372841732921423807e-01
2.274514249721427128e-01
2.301863999462422095e-01
2.215416417629630375e-01
2.436173540206603150e-01
2.169805247658564695e-01
2.467332198847959068e-01
2.221860214607951078e-01
2.246262026789747623e-01
2.169288843318268045e-01
2.354035897755328566e-01
2.176473561628365361e-01
2.222981891422360079e-01
2.233267048166857893e-01
1.979338742240711602e-01
2.133625803906240570e-01
1.986162863763762110e-01
1.961746326935144003e-01
2.181784372362825519e-01
2.242917246012776089e-01
2.154173568902928160e-01
2.095913281963195374e-01
2.129621741580374483e-01
2.233880302512351312e-01
2.036204852255774078e-01
1.861218514265837454e-01
1.837461036296538230e-01
1.898766000881607074e-01
1.928100779468630566e-01
2.005029952084576572e-01
1.973540462461518541e-01
1.917811253832446272e-01
1.898422397305200016e-01
1.920335405126765982e-01
1.775253471630958979e-01
1.960118351573193474e-01
1.924686946986634006e-01
2.058808755083584574e-01
1.733419495462267534e-01
1.793550632618091667e-01
1.766527049519397707e-01
1.894889178697341803e-01
1.780555704217633983e-01
1.863703759548104855e-01
1.845602833010532295e-01
1.882517806035868824e-01
1.823414514048231905e-01
1.690429537798519566e-01
1.835946814605483313e-01
1.908977804452548777e-01
1.743038615050875040e-01
1.831529712235485940e-01
1.774729500720162445e-01
1.811933951613343696e-01
1.741144903740029226e-01
1.630901865431187980e-01
1.769877798257418755e-01
1.745678779289678295e-01
1.650804148320062781e-01
1.703218368422469986e-01
1.710436657163096064e-01
1.646374751342299658e-01
1.686044167773223246e-01
1.699615176997066879e-01
1.585944636598413393e-01
1.667595133093404125e-01
1.584911863239091001e-01
1.650669318106439409e-01
1.556251504171041744e-01
1.741079491413669855e-01
1.524663044530668310e-01
1.612994261545899477e-01
1.728666526345926935e-01
1.670927046027816387e-01
1.680981573522274952e-01
1.558476438400921982e-01
1.664533166697731714e-01
1.738079045381810961e-01
1.593897694008953869e-01
1.645617213422133629e-01
1.485154831023128008e-01
1.567336148179975519e-01
1.671638508361798781e-01
1.497251376279710167e-01
1.550755011400690719e-01
1.504521173965415737e-01
1.537800616412250965e-01
1.433055883112512863e-01
1.612335522049739012e-01
1.556608733019710922e-01
1.520781465472630378e-01
1.562034493151270298e-01
1.460581007930967512e-01
1.498476617314197512e-01
1.418406400737571016e-01
1.512385621298978355e-01
1.439254857415770417e-01
1.509185374013067849e-01
1.516596458852291218e-01
1.456243896603952315e-01
1.391188228295908991e-01
1.427552098615302023e-01
1.387168950090805764e-01
1.447195030748844036e-01
1.389267708830259351e-01
1.440534498772503280e-01
1.508100583965395758e-01
1.469613048305482006e-01
1.380166718805277692e-01
1.463681619982292736e-01
1.458932360565220743e-01
1.419967270973656048e-01
1.404670829850214464e-01
1.408025443461942139e-01
1.533444362014164120e-01
1.411837288764891674e-01
1.399497272745694743e-01
1.370113499830534487e-01
1.399452049009226040e-01
1.366633706553666561e-01
1.387907967799239806e-01
1.398278719941039028e-01
1.354211470319165167e-01
1.348064110142949135e-01
1.362831448791203548e-01
1.455184875815002943e-01
1.363600299866111198e-01
1.356633550774903885e-01
1.391230599149877734e-01
1.305680964969926361e-01
1.298406415308515360e-01
1.305185935655493734e-01
1.384203463424870939e-01
1.331537426943764368e-01
1.312103532622625746e-01
1.315439135526065562e-01
1.258797145138184359e-01
1.353304232620162750e-01
1.238594758151857905e-01
1.315583131333560030e-01
1.263166412642156566e-01
1.277630394485629595e-01
1.314403104952271972e-01
1.270635403508757477e-01
1.319230737693515843e-01
1.255580625968214792e-01
1.269655177277731195e-01
1.259507397534670725e-01
1.246225677660585951e-01
1.261818664861314165e-01
1.234204882502923789e-01
1.219205190232138525e-01
1.307091561502512489e-01
1.199854304255158766e-01
1.222148737973637045e-01
1.181086423703365806e-01
1.266093526679424597e-01
1.199975993162319954e-01
1.195799458863926468e-01
1.215066485704831140e-01
1.160654588613981020e-01
1.137771897753815653e-01
1.047302919026050355e-01
1.047613146335438505e-01
1.072812310339492092e-01
9.938466889024884232e-02
1.008649363745877797e-01
1.052086648818703341e-01
9.825598920270064984e-02
9.770760708660991556e-02
9.163293230381829024e-02
9.639221138815269596e-02
9.930159439919171438e-02
9.444811363693005057e-02
9.160721313530280352e-02
9.086041237331099474e-02
9.079801520608642151e-02
9.283853636042754820e-02
8.778828118559846294e-02
8.995416131859391984e-02
9.343918629772501871e-02
7.838116403220704576e-02
8.334337947200294583e-02
9.274741362458394089e-02
8.578756140705980082e-02
8.488054669082716053e-02
7.914610904882903031e-02
8.185649763585792216e-02
7.926686127428654582e-02
7.884712863690507278e-02
7.565036896432256186e-02
8.025328188122790585e-02
7.336069885928782341e-02
7.295634631745885612e-02
8.429144756512049752e-02
7.514666156026959809e-02
6.895323682196989601e-02
7.256413457892191277e-02
6.682949635303682412e-02
6.315572678577155430e-02
7.001579155754528161e-02
6.211801765840156003e-02
6.896398674098798420e-02
6.506772190792324551e-02
5.343908361952613706e-02
5.792854584891487385e-02
5.990430637590449248e-02
5.653780374264942565e-02
5.313951178413620080e-02
5.117729803429410529e-02
4.566833836804028851e-02
4.604547621917991218e-02
3.966328740180297824e-02
4.062104945165898734e-02
4.728370750111665632e-02
3.934729304365859603e-02
3.562730953124650796e-02
4.333883056957504865e-02
3.517921332512079918e-02
3.907458723884184998e-02
3.570519275977678680e-02
4.140632731533166327e-02
3.309590890662267304e-02
3.593659557640713209e-02
3.549620175382401516e-02
2.988801313931392645e-02
2.869224569186809570e-02
3.345800212302021265e-02
2.898084444648163505e-02
3.184693310266780569e-02
3.355200368462613048e-02
2.570091779828847720e-02
2.612711737003539647e-02
2.591219696266228861e-02
2.851987032670337888e-02
2.631359438301943826e-02
2.530130901703406959e-02
2.477602317721229463e-02
2.311990834782647400e-02
2.264559934004483147e-02
2.235053633937948356e-02
2.365606466199006788e-02
2.428772679166645715e-02
2.443930395833219388e-02
2.540845781718136312e-02
2.487412714088597238e-02
2.397453840735747771e-02
2.286274548582078667e-02
2.045958349073411994e-02
1.957489856453051985e-02
2.020431074646537178e-02
2.093005241202061315e-02
2.127831373983537014e-02
2.057646495890322336e-02
2.001458655040887907e-02
2.071066464898952547e-02
1.913729722038153003e-02
2.031419747023998496e-02
1.912950308392338816e-02
1.971697786012319500e-02
1.983208178310262582e-02
1.909115035181188288e-02
