7.862180555308306840e-01
4.100957063981044426e-01
3.737461964289347516e-01
3.587477997129346341e-01
3.238293049144156388e-01
3.009926509710005860e-01
3.065299662175001716e-01
3.299329195861463448e-01
2.972198900985129066e-01
2.872462301894470604e-01
2.939166316371640830e-01
2.676236256221194432e-01
3.112709742637327914e-01
2.760230916149822300e-01
2.889264305432637792e-01
2.841232988753436550e-01
2.731016735143867447e-01
2.669768501395060611e-01
2.583115811333244194e-01
2.998261968662709331e-01
2.484681723294434597e-01
2.719282521141899722e-01
2.593680914169476104e-01
2.370970714975286497e-01
2.490340385907962029e-01
2.715210782708945003e-01
2.662773463369151883e-01
2.566130894937633244e-01
2.810902302647814155e-01
2.674641012777516647e-01
2.380357065594490562e-01
2.532436264977778739e-01
2.474712562413863282e-01
2.480861717352160767e-01
2.499786126024929056e-01
2.563833363446188507e-01
2.404004764041782760e-01
2.461044946570455361e-01
2.364269948392002663e-01
2.261479301677074005e-01
2.299546595708823471e-01
2.211268782983591419e-01
2.433723392677895891e-01
2.166921238104502490e-01
2.472966044957255194e-01
2.218607349068294210e-01
2.242971726957662670e-01
2.169664600013214983e-01
2.342136217856112812e-01
2.174803153416256796e-01
2.225803757523313053e-01
2.233888000341845148e-01
1.980213784417252376e-01
2.131398599272892880e-01
1.989731135835618170e-01
1.963499117964579710e-01
2.185026326941119368e-01
2.244033322842032829e-01
2.152390354209476053e-01
2.091699611993483587e-01
2.128527914024429535e-01
2.234544411853507662e-01
2.033531889043472540e-01
1.859541860719521877e-01
1.832032134825432867e-01
1.897743839540599331e-01
1.927524355090694530e-01
2.007301145497663586e-01
1.976856204830569896e-01
1.918430111382478653e-01
1.893246063663635848e-01
1.918655161412409771e-01
1.773959987739353872e-01
1.964332406167630662e-01
1.935406090484725061e-01
2.056924045269871992e-01
1.730595800979637944e-01
1.791172001832797289e-01
1.765236682821939018e-01
1.898184592571155460e-01
1.785084677791153873e-01
1.865508733800163854e-01
1.841397874425222958e-01
1.890197770279130884e-01
1.819065984522486856e-01
1.688744004447886859e-01
1.834141623366762064e-01
1.904544588040422426e-01
1.741524033340406952e-01
1.830416587951742557e-01
1.773157500512438089e-01
1.805687864989410085e-01
1.736183108370981110e-01
1.627395771029922777e-01
1.771029670895249708e-01
1.743201978642631433e-01
1.646131175903626509e-01
1.700116834108844344e-01
1.708686107378682983e-01
1.646163614213834447e-01
1.687637681026517567e-01
1.699985047181447329e-01
1.583653353660562924e-01
1.667654644283983467e-01
1.579360109650426447e-01
1.646343015042352198e-01
1.553527579815299486e-01
1.743453762827464060e-01
1.524232075170234291e-01
1.613110829834584758e-01
1.729430180640868231e-01
1.669661728527258859e-01
1.672724608377909872e-01
1.553880390285709845e-01
1.658109568611339235e-01
1.736458422179207317e-01
1.594073220351595876e-01
1.640748406082023769e-01
1.481697648027796854e-01
1.569011733004892217e-01
1.674692567253922293e-01
1.495021999296214932e-01
1.550565543366067278e-01
1.505399963048137391e-01
1.536995895620849317e-01
1.432831404063804603e-01
1.611469882551902488e-01
1.554863800191217116e-01
1.521980141553981869e-01
1.563297268647102778e-01
1.459886384966932737e-01
1.498593093988336289e-01
1.417454547260278419e-01
1.515912605288587955e-01
1.441505498632236759e-01
1.508629456254435286e-01
1.515266054114441929e-01
1.455970389009625943e-01
1.390237128201090300e-01
1.428471827856552523e-01
1.387758510992115057e-01
1.444528033244021070e-01
1.390481979528694900e-01
1.444832483467496376e-01
1.508539362178172583e-01
1.464919509803071507e-01
1.382276507117498054e-01
1.461221955762601055e-01
1.459266921022424057e-01
1.417228763072211073e-01
1.403814297031473202e-01
1.406963724642991964e-01
1.531334556869150543e-01
1.407231564553063641e-01
1.395621893858468021e-01
1.369553161210116110e-01
1.400602854328391045e-01
1.365822577757047906e-01
1.387054392079144216e-01
1.397862208202297341e-01
1.352499911630595242e-01
1.347214745242654443e-01
1.362826236604172403e-01
1.454779578027901865e-01
1.364423388730228726e-01
1.353352817580287804e-01
1.388353069347363911e-01
1.304825269329694948e-01
1.297602597762037291e-01
1.306443233272911453e-01
1.383816420480057097e-01
1.329677789621515061e-01
1.311603475592018619e-01
1.315923714527377497e-01
1.257383357595514284e-01
1.354817084094256663e-01
1.235627863878085292e-01
1.316298553513156055e-01
1.253938008283759231e-01
1.273969931045064174e-01
1.312318877374500370e-01
1.268885006323272890e-01
1.316846279818334742e-01
1.255421061068773270e-01
1.266423096581373586e-01
1.256732844184210163e-01
1.245806953329362948e-01
1.261777688415698095e-01
1.232063671505009700e-01
1.218094051344159184e-01
1.304350569568298590e-01
1.197838596585724114e-01
1.221456449892785873e-01
1.179734756089287073e-01
1.263076514764516489e-01
1.197061664252369456e-01
1.194128475393410049e-01
1.213837984236486173e-01
1.158158870988789946e-01
1.134030578267059275e-01
1.047390943761041110e-01
1.049452918087258740e-01
1.071474226835517213e-01
9.926418666210438946e-02
1.006942644485352978e-01
1.048003089671701582e-01
9.794277592941566524e-02
9.718559976138266276e-02
9.138279280590790032e-02
9.614501947100147217e-02
9.927265714899993765e-02
9.446337198792600920e-02
9.120491102889731472e-02
9.059084069765643843e-02
9.041986760832829151e-02
9.275049307602055426e-02
8.792315168639668055e-02
8.990403834707391684e-02
9.323859654228996985e-02
7.830610969793741494e-02
8.336007256049340897e-02
9.251550059121700642e-02
8.570354666192958604e-02
8.481067704887669534e-02
7.898523524219606962e-02
8.164327625806132305e-02
7.923438416931916084e-02
7.865762057955617836e-02
7.568161877355089606e-02
8.034757645858198183e-02
7.328242760864489558e-02
7.310100585095768988e-02
8.427314429693383291e-02
7.527179978557943518e-02
6.873013875849637300e-02
7.204242079622215356e-02
6.673698770687168380e-02
6.274719180102333871e-02
6.979019237555747490e-02
6.223718167274017860e-02
6.857341759849661100e-02
6.510081636434834895e-02
5.344790941115790811e-02
5.778589788536874633e-02
5.946228229239537005e-02
5.623434131482132892e-02
5.246778629708713504e-02
5.054792935980115948e-02
4.517890395579376994e-02
4.539697775329796375e-02
3.918093715443701081e-02
4.015122384528548721e-02
4.663879671270591137e-02
3.908519695303115660e-02
3.547657568576849385e-02
4.306105239701997489e-02
3.504758830416522530e-02
3.890488757999803482e-02
3.554867314319212768e-02
4.132571707851178527e-02
3.295820198905004966e-02
3.579788583777787636e-02
3.528640269868458385e-02
2.982681063262538831e-02
2.863501038249254352e-02
3.340009535144709829e-02
2.884365342633603280e-02
3.171635838609941638e-02
3.345334977175635355e-02
2.560474684626872985e-02
2.598856325050381832e-02
2.579846122991264964e-02
2.839109112230491644e-02
2.618124542165372118e-02
2.521751699268524535e-02
2.463355704455386444e-02
2.301935718350262006e-02
2.264137220894845912e-02
2.225228733994658731e-02
2.352384970903204087e-02
2.409982016485437417e-02
2.433491251368526814e-02
2.527446613683333523e-02
2.478489409329119597e-02
2.384456988813191819e-02
2.275037937255951215e-02
2.033343750551949367e-02
1.948879494466157838e-02
2.009503633609576248e-02
2.085631249147685759e-02
2.118229838442071619e-02
2.045183200906548066e-02
1.990301272682565292e-02
2.060550760192491823e-02
1.908741440907132242e-02
2.026655015170597193e-02
1.902903146480560900e-02
1.961522831017960614e-02
1.978617203611424818e-02
1.904350352182698422e-02
