7.077671798658959901e-01
4.154352311366870110e-01
3.769380426701204323e-01
3.610324538048402809e-01
3.266577577885286243e-01
3.034431429556858628e-01
3.114559684822588714e-01
3.330420809947414185e-01
3.011549803025928562e-01
2.909036138727341125e-01
2.974212229435826416e-01
2.712113261590769486e-01
3.153470441331098217e-01
2.795561134631250888e-01
2.926586769061323978e-01
2.872267949176423585e-01
2.755667934447159073e-01
2.694674248772638836e-01
2.597864854850887029e-01
3.023201690411861930e-01
2.508413040159661045e-01
2.739680976963337344e-01
2.616998041117633012e-01
2.394007600567958916e-01
2.514085792464974545e-01
2.746688384884669598e-01
2.687816568546824714e-01
2.591648111740748051e-01
2.823390857856950542e-01
2.710523374746611203e-01
2.389257306486000376e-01
2.562482050999447258e-01
2.501176818285459347e-01
2.506635277175608967e-01
2.529129044785175529e-01
2.567413703894909638e-01
2.426613307477515358e-01
2.492272776034143156e-01
2.396484433316889984e-01
2.297129044746175353e-01
2.324859464334116943e-01
2.237529101379123753e-01
2.460510773055347433e-01
2.191474461996996970e-01
2.492061855064497955e-01
2.244046284460727014e-01
2.268691741022062780e-01
2.190985490326528284e-01
2.377457262097317503e-01
2.198221593267387919e-01
2.245239929836473358e-01
2.255605924092693171e-01
1.999140878426440004e-01
2.154939786519533274e-01
2.006060177391325861e-01
1.981381316703778595e-01
2.203634642432501234e-01
2.265357576586582156e-01
2.175697470244802034e-01
2.116830274922612276e-01
2.150907017750504635e-01
2.256225752793712402e-01
2.056540170477496321e-01
1.879813932526258891e-01
1.855781356125702219e-01
1.917743438877809181e-01
1.947376024115968496e-01
2.025102964705891018e-01
1.993309026607024692e-01
1.936995550990104620e-01
1.917354857112154587e-01
1.939521957234836003e-01
1.792993073018244732e-01
1.979761680703104321e-01
1.944041010498264721e-01
2.079377994401219454e-01
1.750725455812097986e-01
1.811462350557615786e-01
1.784179414496009641e-01
1.913871025183686569e-01
1.798406548522136772e-01
1.882358845921210388e-01
1.864016815008204542e-01
1.901419786207469986e-01
1.841605174228732877e-01
1.707316979949856928e-01
1.854288233214138604e-01
1.928023252774167806e-01
1.760453853158303328e-01
1.849833881321512608e-01
1.792461075624565969e-01
1.829990831238252069e-01
1.758506732774369474e-01
1.647175824568595515e-01
1.787588091498171772e-01
1.763110798726111317e-01
1.667265464264301722e-01
1.720219533522555910e-01
1.727523518381295364e-01
1.662836387799477844e-01
1.702920546410260361e-01
1.716615028955318367e-01
1.601781168423684898e-01
1.684271681731865644e-01
1.600705465784779402e-01
1.667132751993191109e-01
1.571786775219219667e-01
1.758514034159389672e-01
1.539905367304145456e-01
1.629125368723898792e-01
1.745960827732895571e-01
1.687623664184852990e-01
1.697708818739579184e-01
1.574015242496022426e-01
1.681114267971780540e-01
1.755443627819602836e-01
1.609838427308900866e-01
1.662024690689128115e-01
1.499971809578530546e-01
1.583026268094042122e-01
1.688385431551271132e-01
1.512201594717708653e-01
1.566260667310820642e-01
1.519575169240986734e-01
1.553170576277706494e-01
1.447384197080944790e-01
1.628450221439570467e-01
1.572157372249129437e-01
1.536001268498323469e-01
1.577667467204141027e-01
1.475179869819570333e-01
1.513462544591338554e-01
1.432580946588221937e-01
1.527544749739729313e-01
1.453669913021134741e-01
1.524271668981254935e-01
1.531749117935513327e-01
1.470803599160762365e-01
1.405090600620081398e-01
1.441836818914722651e-01
1.401046537000823766e-01
1.461640308438627855e-01
1.403172527014473203e-01
1.454982824945523501e-01
1.523185974239935070e-01
1.484262246270606489e-01
1.393989485033132469e-01
1.478293841037853218e-01
1.473525032309102312e-01
1.434139555803051747e-01
1.418708974196587203e-01
1.422095082102366459e-01
1.548757707401190176e-01
1.425909603543487614e-01
1.413453492071525541e-01
1.383809029780052324e-01
1.413458076064233460e-01
1.380291936482176407e-01
1.401778509127505068e-01
1.412257340587215748e-01
1.367736469264383692e-01
1.361536257520870041e-01
1.376459709886047600e-01
1.469732671562168358e-01
1.377244535419676064e-01
1.370167076817633278e-01
1.405114130335457512e-01
1.318729217037742651e-01
1.311382442436836437e-01
1.318250369418550449e-01
1.398041627335327719e-01
1.344834204487226625e-01
1.325219568692975469e-01
1.328598373420076528e-01
1.271370980658649008e-01
1.366852403698879947e-01
1.250951036994839838e-01
1.328746114891988239e-01
1.275705793228598395e-01
1.290370093405614760e-01
1.327526290498581840e-01
1.283324253641896784e-01
1.332399201567894265e-01
1.268134834727755178e-01
1.282319409289845724e-01
1.272074727226554514e-01
1.258683747669429032e-01
1.274436440364813961e-01
1.246525518228242396e-01
1.231386130330739265e-01
1.320135066538681290e-01
1.211832690938019486e-01
1.234363300380883349e-01
1.192883769165218599e-01
1.278724294983678289e-01
1.211946612292969655e-01
1.207740740367659882e-01
1.227204866178425724e-01
1.172236176368630922e-01
1.149112202779010439e-01
1.057776825307052138e-01
1.058107675110668278e-01
1.083527052775025423e-01
1.003773108055746183e-01
1.018718790101968280e-01
1.062566678304179280e-01
9.923541694419620030e-02
9.867946293871895924e-02
9.254676008734989689e-02
9.735366127419251003e-02
1.002943210418761472e-01
9.539274746483122902e-02
9.251926209731602124e-02
9.176632087493752366e-02
9.170221398917981215e-02
9.376604135067742596e-02
8.866751264826751300e-02
9.085320187157687466e-02
9.437157203569823682e-02
7.916422513497556324e-02
8.417698011480639897e-02
9.367256843151501589e-02
8.664459670192481422e-02
8.572865350539853047e-02
7.993596147308930366e-02
8.267293058933666838e-02
8.005920505427099876e-02
7.963370488220711252e-02
7.640718487493786126e-02
8.105675778524190633e-02
7.409352312312909861e-02
7.368735634365383702e-02
8.513417904506678791e-02
7.589937956704768951e-02
6.964053828729155349e-02
7.328455874374435741e-02
6.749686633328688679e-02
6.378319867294465761e-02
7.071369358936301086e-02
6.274038944350279756e-02
6.964972075247377603e-02
6.571872996620511942e-02
5.397356266535266456e-02
5.850640486718879790e-02
6.049892924421317736e-02
5.710014712674842119e-02
5.366418981309520331e-02
5.168277738489394230e-02
4.612012750032231517e-02
4.649944596400737429e-02
4.005509675882848453e-02
4.102256172925900640e-02
4.775009552034101268e-02
3.973814507531013562e-02
3.598207528767589924e-02
4.376944102430255917e-02
3.552968924467014844e-02
3.946363598695398767e-02
3.606067946767089333e-02
4.181958457971002990e-02
3.342549096053483437e-02
3.629457432940892680e-02
3.584906570406783122e-02
3.018628133196429864e-02
2.897859572279870566e-02
3.379200305336983040e-02
2.926928100555583126e-02
3.216409673120245588e-02
3.388653719834738842e-02
2.595696524579658646e-02
2.638700297772438724e-02
2.617018153559686616e-02
2.880378124633959161e-02
2.657540681657674653e-02
2.555348419530078727e-02
2.502235871298457218e-02
2.335010198425331931e-02
2.287201306167889470e-02
2.257305912107206158e-02
2.389130327257005942e-02
2.452872507096294161e-02
2.468265309893198298e-02
2.566120251885652820e-02
2.512197614876326285e-02
2.421298416622089458e-02
2.309024921547169623e-02
2.066291778007584012e-02
1.976978649997172474e-02
2.040526119309095041e-02
2.113861560959506836e-02
2.149013679323324294e-02
2.078098332791274497e-02
2.021361670755410581e-02
2.091671967445793770e-02
1.932817130470123809e-02
2.051686307012583546e-02
1.931979344222826966e-02
1.991313017568267785e-02
2.002994348439653821e-02
1.928158531129470915e-02
