7.952940572191167234e-01
4.127432970353114849e-01
3.657216698299219360e-01
3.450117172834313850e-01
3.573352164692348842e-01
3.354690661032994625e-01
3.366380519153159279e-01
3.152768805071159419e-01
3.097815691688914352e-01
3.033880382408330467e-01
3.116227575658280236e-01
3.116641182958344025e-01
2.830589781388824222e-01
2.924333781739811844e-01
2.691557139526178921e-01
2.804545974105964734e-01
2.777224683099323022e-01
2.508908774381802265e-01
2.577516481648256530e-01
2.296206565182886128e-01
2.522948927717444390e-01
2.562800447146098004e-01
2.414422025835072649e-01
2.456215703836929776e-01
2.529981413005310542e-01
2.526801310571623604e-01
2.327777502529415066e-01
2.240420339468084665e-01
2.383986489088447125e-01
2.314098492080782776e-01
2.253704139295919506e-01
2.174220735460151988e-01
2.216031913956006405e-01
2.129308822990199634e-01
1.995472246482048462e-01
2.093933977738574592e-01
2.070391079985801075e-01
2.092306490849565603e-01
2.173361750388586866e-01
1.960468069178822603e-01
1.976214391811762228e-01
1.929496058343369291e-01
1.988147677002865543e-01
1.965982842684527998e-01
1.982590478235556619e-01
1.873537416535395184e-01
1.809127653086627097e-01
1.931996259792351511e-01
1.954223914830773012e-01
1.906172552134519638e-01
1.908976314474403191e-01
1.937071884625855833e-01
1.905331147443733164e-01
1.675527060473406826e-01
1.660803759401595081e-01
1.866001491009453284e-01
1.993203960267113939e-01
1.863861049123016478e-01
1.843458214199837353e-01
1.754262431168261971e-01
1.745942412887090400e-01
2.005445150497519036e-01
1.740561101171705372e-01
1.737662356208871939e-01
1.831088718716744890e-01
1.653994880708647419e-01
1.919263217092296303e-01
1.648844783412821424e-01
1.716779093729493000e-01
1.581728460382164358e-01
1.749953932048362026e-01
1.675575051134751137e-01
1.691261932426304793e-01
1.760843035385564470e-01
1.659606957141263883e-01
1.591312418795294281e-01
1.661235647804943094e-01
1.583417137003975128e-01
1.643751426979347396e-01
1.703965736622059801e-01
1.514626754470813352e-01
1.629744957442636755e-01
1.744911132817283106e-01
1.576065816905027617e-01
1.793026112571910469e-01
1.699465418487419444e-01
1.566724562074667260e-01
1.608003471230651238e-01
1.671345683619563927e-01
1.529647262376031824e-01
1.484893451226346195e-01
1.723368208165521887e-01
1.525886487353731169e-01
1.458870255008891670e-01
1.495194589420233144e-01
1.615417400719942886e-01
1.531074614022616964e-01
1.505579781339124457e-01
1.653147511552145454e-01
1.527922493256168579e-01
1.593358789191201830e-01
1.568994069770898447e-01
1.597845762232203426e-01
1.433032134708799032e-01
1.609373769320455727e-01
1.511158960698931186e-01
1.448268901556730159e-01
1.474920926776565056e-01
1.429001226423331217e-01
1.478801718280639277e-01
1.479996062631224463e-01
1.392590099922668689e-01
1.545306197563071360e-01
1.402312407569016872e-01
1.516125992354419583e-01
1.418920517611650667e-01
1.366988929609457559e-01
1.393279264876504109e-01
1.343377322280480402e-01
1.296287577760256438e-01
1.315221658689372242e-01
1.321466287781978832e-01
1.159715097696508851e-01
1.191692678464783550e-01
1.297088042890399973e-01
1.160277232251785418e-01
1.221575034667312376e-01
1.103144949991945872e-01
1.333210503176590622e-01
1.152441023055602032e-01
1.185375985953910916e-01
1.096742592659997323e-01
1.133979928806240212e-01
1.115470690123828851e-01
1.134164676300169483e-01
1.052908579462472349e-01
1.064658856548276883e-01
1.115744600141489878e-01
1.041090892708319976e-01
1.099943589327144061e-01
1.005238420180516457e-01
9.759014969875598466e-02
1.007497989561086799e-01
1.047381331373787999e-01
9.568806952670400046e-02
1.058775964894412419e-01
9.423422039382987891e-02
1.200355708047195769e-01
9.389650307503746851e-02
9.607803992881083777e-02
9.311378274894790974e-02
9.963279987949831551e-02
9.891218342818319798e-02
1.001854144496682197e-01
9.895581479103844613e-02
8.787025080441876468e-02
1.042982584543894059e-01
9.150631884802822025e-02
8.748565718968524807e-02
8.826941382772300615e-02
8.423432910751643687e-02
7.571785489965322802e-02
8.193714688488937248e-02
7.387808454740378561e-02
7.362846844214486486e-02
6.235811098156796017e-02
8.285238917135162584e-02
9.292750760868341564e-02
6.515906358936825182e-02
5.815737366347206033e-02
5.844359304166663049e-02
7.298801591537927569e-02
5.082443959101600600e-02
5.226549009510810667e-02
6.406718305301138672e-02
7.482417432755163189e-02
6.988948059338720431e-02
6.225561029468174717e-02
6.821555083739372360e-02
6.370306948503841327e-02
5.971616687859267886e-02
6.689917541308081084e-02
6.103956804996683860e-02
5.908792337297963382e-02
5.908193488306736491e-02
4.864706979664962239e-02
7.394024903785773040e-02
7.826932472612328773e-02
9.577203511009294012e-02
6.424216305974289609e-02
4.194053894384579956e-02
4.766321870551177425e-02
5.118202054348520991e-02
6.056559600304656926e-02
4.945198431324334537e-02
4.334778668373563681e-02
4.198307522484906462e-02
4.796193166591286583e-02
3.478480548391989918e-02
3.534702349801883275e-02
5.758695224768742293e-02
3.376114807968091935e-02
4.272422665000456810e-02
3.293326726263869769e-02
3.323516021916733676e-02
5.495834703585757847e-02
3.522596634641188273e-02
3.633855174968944612e-02
3.939505660989792851e-02
4.313633398525983098e-02
4.300202087191971889e-02
3.585892797039568619e-02
2.598935569574363849e-02
2.487728907621832367e-02
2.703024468170311945e-02
3.386676449753630441e-02
2.946558395984246945e-02
2.954190978227505884e-02
2.244464182931102392e-02
2.271712950609475548e-02
2.205418403653670867e-02
2.894052522407587064e-02
2.298930496651371141e-02
1.759314054333802405e-02
2.018304850199445152e-02
2.180268935156579393e-02
1.629182620997007835e-02
2.374787361116960024e-02
1.606808103022693349e-02
2.019790713646575642e-02
2.403114097119270556e-02
1.785832993973374833e-02
1.890569074903227995e-02
1.296905397537242814e-02
2.132990070574269925e-02
1.889781849433606192e-02
1.961931181238660282e-02
1.782392705200368938e-02
1.232957735985087608e-02
1.454650253296822966e-02
1.355916907617556871e-02
1.190208136843881950e-02
1.212914924716485161e-02
1.361516778820372024e-02
1.331984733491211638e-02
1.167267525813404580e-02
1.273835248462540891e-02
9.540512069532516154e-03
8.394251516619146911e-03
1.137381252297523654e-02
1.174152689025526920e-02
1.226092429931241803e-02
9.534977221956966731e-03
1.194321797840395237e-02
1.016359552082537338e-02
7.837128015717660309e-03
8.170953716062509531e-03
8.360231956047766214e-03
7.907030660547566953e-03
1.072728284769670394e-02
6.992774871005841449e-03
8.016032929071744209e-03
8.726849886720853058e-03
7.105499341399496710e-03
7.602647112598170942e-03
6.231649744049887370e-03
8.025783740425668569e-03
6.063459658819872998e-03
8.671984609392254309e-03
6.883461113595027922e-03
7.116799273804774034e-03
7.301532903754074516e-03
6.541568278177051915e-03
5.087569974909209904e-03
5.234908363795539622e-03
5.908565292723178333e-03
5.579719981873787482e-03
5.621622735815362364e-03
5.089444082468729154e-03
5.291422210013288496e-03
4.689923280352979902e-03
4.673410804502964484e-03
4.845117579882046374e-03
4.459741581570914395e-03
4.199176881576741072e-03
4.526221890649106093e-03
4.210146730006721419e-03
4.498288467055227419e-03
4.687666688106320242e-03
4.113428998448959498e-03
5.255756394767502858e-03
4.875045345736199812e-03
4.522352147871010024e-03
4.117891710743493833e-03
4.140285745468246653e-03
3.903953554893992237e-03
3.279141406620583732e-03
3.446913976131888661e-03
4.317920877941493207e-03
4.422542330576387237e-03
