7.644479814870858148e-01
4.124153048903853591e-01
3.701248420241438075e-01
3.503176540688232032e-01
3.629106514615776935e-01
3.412394666929303710e-01
3.418640882144739490e-01
3.204781606057544030e-01
3.140248224691108425e-01
3.079585137374606929e-01
3.170650042869426755e-01
3.175980669664748013e-01
2.877105663771982735e-01
2.973125951157675750e-01
2.729689596059881596e-01
2.860114214228994811e-01
2.832096235803616135e-01
2.555757268527407700e-01
2.623898649289284069e-01
2.329637931452857025e-01
2.580614461391060321e-01
2.616027196432337276e-01
2.457336693266291561e-01
2.505096137707615855e-01
2.582185360936470886e-01
2.579394863159568119e-01
2.377604494860142970e-01
2.285582343461337040e-01
2.428662942515479317e-01
2.368669712617073597e-01
2.295210159671159378e-01
2.218915576092254927e-01
2.272664960243819809e-01
2.174659170486308857e-01
2.041587689592514465e-01
2.151301534363516954e-01
2.118080134377067492e-01
2.141148046210959999e-01
2.220371864184185196e-01
2.012600049284505310e-01
2.022780417476171266e-01
1.979821339893488297e-01
2.040767099294397702e-01
2.016066976811414779e-01
2.029567707283997380e-01
1.930492615534199485e-01
1.853767721097410448e-01
1.976037292108859533e-01
2.010304921019224478e-01
1.958906069765856128e-01
1.956999583376778373e-01
1.984918885254933485e-01
1.954610310448908483e-01
1.720901575491384228e-01
1.712613812659257717e-01
1.919830229823236145e-01
2.046039655574677929e-01
1.918254008447682346e-01
1.887421868281599913e-01
1.795043339055997222e-01
1.793641276197668888e-01
2.069213965102846275e-01
1.787485593079048973e-01
1.778005582314950428e-01
1.875588228489145914e-01
1.697571542343975504e-01
1.965429112039230597e-01
1.694804662539635132e-01
1.759039402329995172e-01
1.620128556488104887e-01
1.797597712112797563e-01
1.719848866447990232e-01
1.731795543494323852e-01
1.804287247405743921e-01
1.699855113011083385e-01
1.634462372802290009e-01
1.705381291148103384e-01
1.628411108788884731e-01
1.689252642983639641e-01
1.745982684241032812e-01
1.552198572383250708e-01
1.677048145942849899e-01
1.789611021907609179e-01
1.614430679399290192e-01
1.837226551807956965e-01
1.744751051068305914e-01
1.601785100720546917e-01
1.646841725725450567e-01
1.711195968367435205e-01
1.568415388924840059e-01
1.524851619231480104e-01
1.767196609972067900e-01
1.567874285817882074e-01
1.497057951549873034e-01
1.535205118496108800e-01
1.662845884392290807e-01
1.565334298544459879e-01
1.543744067488997118e-01
1.688581699022540239e-01
1.568955047125065727e-01
1.641578235559993382e-01
1.614841027576246479e-01
1.639322562626114588e-01
1.470594303567468453e-01
1.646997182733482834e-01
1.554687440901258710e-01
1.488896775024908525e-01
1.517029604219176098e-01
1.464555768687048065e-01
1.518201545248796802e-01
1.520654222893494112e-01
1.435089496182806734e-01
1.584146464956395495e-01
1.440330183616390924e-01
1.555506568402051926e-01
1.456810570057527621e-01
1.409682540521945415e-01
1.429701967785755867e-01
1.377997587538427882e-01
1.331955149884761214e-01
1.348424993317436371e-01
1.351337857383452801e-01
1.188152828219312257e-01
1.224635895433617283e-01
1.332417485085718445e-01
1.191114974334652049e-01
1.257357792549387288e-01
1.133374792742140452e-01
1.369200017809132086e-01
1.183811984749303936e-01
1.220315500151044064e-01
1.126998609736745705e-01
1.162432381308373119e-01
1.147027335049193575e-01
1.167802909964028718e-01
1.083051080344083900e-01
1.090935013820359678e-01
1.147943633918960954e-01
1.071950451505404994e-01
1.130874438694229878e-01
1.029427656099016347e-01
1.003564386180153534e-01
1.038015241539220757e-01
1.075678001226926250e-01
9.764328002239819337e-02
1.091717597327114680e-01
9.692771250991449872e-02
1.228100062980328061e-01
9.637496142567675284e-02
9.866252028509790717e-02
9.569771606820048904e-02
1.020150641979718636e-01
1.019674812748246340e-01
1.028077841621398147e-01
1.016083599620119238e-01
9.024275508766740894e-02
1.069903204424513671e-01
9.380083564599907275e-02
8.983147565022478465e-02
9.084926938730072954e-02
8.674890858201700361e-02
7.820485704808415039e-02
8.494351524830921762e-02
7.600852360095207427e-02
7.564925447962948801e-02
6.360497551109285663e-02
8.463392391582422181e-02
9.459862310179210920e-02
6.684970145550682419e-02
5.960171411013701764e-02
6.037966937454054828e-02
7.500541565715576620e-02
5.234612669162653359e-02
5.373043384507907722e-02
6.580313873596030372e-02
7.702063950715387630e-02
7.191550898308905759e-02
6.456127486437455987e-02
7.012395111069279208e-02
6.580886792996611112e-02
6.164287016886921960e-02
6.892875522514517461e-02
6.307605114709054217e-02
6.070549061565364002e-02
6.071851767294531715e-02
5.076204919437540125e-02
7.622223692933739747e-02
8.106169577401971249e-02
9.907970968885404517e-02
6.679345645667283948e-02
4.363869133376283710e-02
4.997685870880053810e-02
5.305061744334518131e-02
6.358071551244112718e-02
5.168901616348137856e-02
4.503752975335238717e-02
4.349581688618428532e-02
4.994996196286660001e-02
3.610404545541336802e-02
3.637840503776973433e-02
5.987776061045695791e-02
3.490764555653983608e-02
4.411378847021689420e-02
3.412074059558142108e-02
3.420808735059432254e-02
5.658478608120388886e-02
3.633204141068868687e-02
3.751231015703524602e-02
4.127652927369283853e-02
4.453398986732753223e-02
4.463443548779819081e-02
3.728841336868316675e-02
2.692432354568513944e-02
2.560247876365197642e-02
2.792025913199778706e-02
3.481778625229910162e-02
3.060816863791034070e-02
3.056883908820402784e-02
2.334693261940471581e-02
2.324122103587055940e-02
2.264316202545609349e-02
2.987715915721680590e-02
2.360375020890151734e-02
1.820934724664205126e-02
2.060359603660069650e-02
2.241167815305002489e-02
1.687197788940039342e-02
2.446058644460253478e-02
1.648688458249406366e-02
2.069623033063842932e-02
2.467263526164004475e-02
1.841769668508052779e-02
1.951916809401289463e-02
1.332143091804813793e-02
2.216084449760442193e-02
1.967358720148863760e-02
2.029435356709408111e-02
1.838420823461305725e-02
1.275325692974132140e-02
1.499878788902909293e-02
1.413026087688683263e-02
1.218152849933513103e-02
1.261244765551279567e-02
1.410088405451168959e-02
1.383340287818246410e-02
1.219033566159379370e-02
1.320183806235406682e-02
9.859735066453297406e-03
8.563866983689719797e-03
1.165820583481732252e-02
1.208159536405825456e-02
1.263943342071146593e-02
9.769706065396158504e-03
1.231349180428553160e-02
1.048393872832677556e-02
8.123381194061186222e-03
8.404513240443632627e-03
8.537364557243990945e-03
8.180271527869731676e-03
1.111648824786288375e-02
7.263298706469373950e-03
8.190538696690223552e-03
8.973961580797414420e-03
7.350623942366601993e-03
7.809369033424007518e-03
6.423457802220919506e-03
8.368961288835163534e-03
6.313649774396265166e-03
9.033595659707316719e-03
7.189451850822872574e-03
7.422515939452065808e-03
7.508561259494315326e-03
6.701643024233042839e-03
5.242415033080058927e-03
5.413188785759342342e-03
6.130025591311758122e-03
5.702011110028206917e-03
5.719190214556223346e-03
5.170154860798273529e-03
5.479006437473131312e-03
4.848595526149955016e-03
4.874165554629199953e-03
5.009172117990073544e-03
4.629715595293407843e-03
4.278610390224177155e-03
4.686088688475609568e-03
4.360577274529633431e-03
4.615789218335937354e-03
4.820223399400237058e-03
4.211412070665652464e-03
5.405284776142207578e-03
4.996394604866671862e-03
4.667842127614985591e-03
4.247678238341927315e-03
4.227498734164670570e-03
3.950922741190834343e-03
3.320897320806024278e-03
3.500313935563711260e-03
4.445592109116514382e-03
4.498018307252230931e-03
