5.925911864880932349e-03
1.974397878633973175e-02
2.519760368460858407e-02
2.801341162189657438e-02
3.192260063448806168e-02
3.846469924635725207e-02
4.287723073114951128e-02
4.437611135711640176e-02
5.014863159093591732e-02
5.003556090142623897e-02
5.388850714137524700e-02
6.314329352735736922e-02
6.299326250122652682e-02
6.909268366885773505e-02
7.070353587652429550e-02
7.128106752111587618e-02
7.642724740284460860e-02
7.412749911531990588e-02
7.841312040885289880e-02
7.850128157455243949e-02
8.582364852413719436e-02
9.478756810228029794e-02
9.154307118352549011e-02
9.646355255886360225e-02
1.021194614561987540e-01
1.063987793285905564e-01
1.067781606390152405e-01
1.069189756832740895e-01
1.106748950978120177e-01
1.056709130053166967e-01
1.053724679314059914e-01
1.031959695074661232e-01
1.039205015257552850e-01
1.046267574492060065e-01
1.052170334498823412e-01
1.036750930694886191e-01
9.863344535783484524e-02
1.029957203769389512e-01
1.014724899405314573e-01
9.789544672325804775e-02
9.616260028179780817e-02
9.759281513131695673e-02
9.840682358653457529e-02
9.516015552260258248e-02
9.848940374306690282e-02
9.679969214822775614e-02
9.691207591030333302e-02
9.461107116054605359e-02
9.653057447738117025e-02
9.608280489474167740e-02
9.134026805375829172e-02
9.436206743121147711e-02
1.005578581105779773e-01
9.349861880879342668e-02
8.834352744858206541e-02
9.391773732632030525e-02
9.781143722342855451e-02
9.241923029867955830e-02
9.533289581721211825e-02
9.581595893351384230e-02
9.852062790298167505e-02
9.553037863454701129e-02
9.281784273040147304e-02
9.389395616764639740e-02
9.785197759851997634e-02
9.447199971771534643e-02
9.484692903028593691e-02
9.573975793649384947e-02
9.124807543868636295e-02
9.512555089629726179e-02
9.424082438151042129e-02
9.439839129278689012e-02
9.414698164220210164e-02
9.640471776142532645e-02
9.692319716200416269e-02
9.820747750776785689e-02
9.408530554285755854e-02
1.021958280216764547e-01
9.090097668454234781e-02
9.317319812138138979e-02
9.931242182206960478e-02
9.583504357271724339e-02
9.505589160562297191e-02
9.257709762932342379e-02
9.550499769824521978e-02
9.353137926922903966e-02
9.576559740084189531e-02
9.411113444301817677e-02
9.360621036202819434e-02
9.393394972071235360e-02
9.657921998037231892e-02
9.240265692365758066e-02
8.993655672227894582e-02
9.213427090902387429e-02
9.192619363282933387e-02
9.179656749338278854e-02
8.865393861024467581e-02
8.823803414901097708e-02
8.480129937790793770e-02
9.055774089546851646e-02
8.662286501055882493e-02
9.312963373499151543e-02
9.204849646783169748e-02
9.202378695761716243e-02
9.286210563631705495e-02
9.381787261845153658e-02
8.930653225124618455e-02
9.320876836592768833e-02
9.643371070700662573e-02
9.189600273966788690e-02
9.279661723585040656e-02
9.201908932055956336e-02
9.221684066233810928e-02
9.076545696567606125e-02
8.887427611115537862e-02
8.024006467542529886e-02
8.628110353041577862e-02
7.957092818838579218e-02
7.221698114349518749e-02
7.184693309719915322e-02
7.265854491679757388e-02
7.246912264345604926e-02
6.765524650705449783e-02
6.429288912518524302e-02
6.271617413946875552e-02
6.406083757310737647e-02
6.210600125752849254e-02
6.091342014663013449e-02
6.489136223163870232e-02
6.311303121900116442e-02
6.453083404052405159e-02
6.040321965644389335e-02
5.967275366003130938e-02
6.075518608645156388e-02
6.345997626582781936e-02
6.060238391574886141e-02
6.144760470883346010e-02
5.724226611631887812e-02
5.718691114934138647e-02
5.801157659080661416e-02
5.930380332571121016e-02
6.103507258733849306e-02
5.513356193026274638e-02
6.007638177661984297e-02
5.857787252300315772e-02
5.462829397968303746e-02
4.998122656051023210e-02
5.264364669076454506e-02
5.222353305161735182e-02
5.072345778713991532e-02
5.187478824346154066e-02
5.103543536208662162e-02
5.059899567269984799e-02
4.515757694564483810e-02
4.639999104640733785e-02
4.525487300836377597e-02
4.689789501789175252e-02
4.743808442151840887e-02
4.503296293364263125e-02
3.846367777635653629e-02
3.335459382606693196e-02
3.211554633166043005e-02
2.855491387013943741e-02
2.623365826985258470e-02
2.529217421456619527e-02
2.389476080712528774e-02
2.164414005790963463e-02
2.392789610650068385e-02
1.989065273061256869e-02
1.853602495487135376e-02
1.727372098449663634e-02
1.664863868794737300e-02
1.456414978882228893e-02
1.311356490305452469e-02
1.492825131956775422e-02
1.497131710624851134e-02
1.593953777164979629e-02
1.366086274710265336e-02
1.529194390872654422e-02
1.174239098011044605e-02
1.266556576980898755e-02
1.373273688929017508e-02
1.160973663094028163e-02
1.308713153796558018e-02
1.212299786332741817e-02
1.022899574743882725e-02
1.238197034252175137e-02
1.208065620244101225e-02
1.220499798245900519e-02
1.198771236145317054e-02
9.798709207205791652e-03
9.579771433462514960e-03
1.060709198383487893e-02
1.084966861246222658e-02
9.035893007078105166e-03
8.671989357587594691e-03
8.534060194470378599e-03
9.585329278891066562e-03
7.548763922251829593e-03
6.849612986771705728e-03
6.727654873041355801e-03
6.332619796452445930e-03
5.948537843909838981e-03
5.123893379874780094e-03
4.994641598436211360e-03
6.140409866462887001e-03
5.706166470693539196e-03
5.060182586793764495e-03
6.111402443091292977e-03
6.059452111870165802e-03
6.430075011734583297e-03
5.235219376544715704e-03
4.670990828513081790e-03
5.128232651910411000e-03
4.482731303070057113e-03
4.875017372143230880e-03
4.160759414105682022e-03
4.665813948434524919e-03
3.617070686551066873e-03
3.571502703409440774e-03
3.614887932385892674e-03
4.176202801524741930e-03
3.681325934932245386e-03
3.156591863915781185e-03
3.175474542576135675e-03
3.582125501998234453e-03
2.648749439371678085e-03
3.527684523210210948e-03
2.764253591378269641e-03
3.154657434411260817e-03
2.873864130082505811e-03
2.592436698982908926e-03
3.015427806189738009e-03
2.072352200021096436e-03
2.983706316063259797e-03
2.445181611229027292e-03
2.797955458964556004e-03
2.612596742525325963e-03
2.002678060761141268e-03
2.148135340151687434e-03
2.510658956610168063e-03
2.036883508925610604e-03
2.013514278345003832e-03
2.043959961385418897e-03
1.873370933277822715e-03
1.861456408566740600e-03
1.896541730452610576e-03
1.609502380332416454e-03
1.532552160930253458e-03
1.585452164924649023e-03
1.413764902503721142e-03
1.669415825125286938e-03
1.397686343427918462e-03
1.647637394579547178e-03
1.604898515318011571e-03
1.351365186888465846e-03
1.265440508905157869e-03
1.218967373157890275e-03
1.255551468726300761e-03
1.590359591585936011e-03
1.324596214665992597e-03
9.864680428187438867e-04
1.225892021147394944e-03
1.381084471983212800e-03
1.057117183731468620e-03
1.018824274101068871e-03
1.202925050280033263e-03
9.911329034928062151e-04
1.296600336230947130e-03
9.552544015358211934e-04
9.802345432349901608e-04
1.435278238350741822e-03
9.131275505223814936e-04
9.723832197688565999e-04
9.892174037764718108e-04
9.857095783737338662e-04
9.751362224567766690e-04
8.186237349250011577e-04
1.040407040394105299e-03
9.217696152260077425e-04
9.414469965728736742e-04
8.773987211093804781e-04
8.717381602517339147e-04
7.744516619609777882e-04
8.416339514266758847e-04
7.067785248620094603e-04
8.939910938082633622e-04
7.466858792269457767e-04
7.033115121772919812e-04
7.249388006433340245e-04
7.388055036435504062e-04
6.714891537414564631e-04
7.721475199587861426e-04
7.410188800338487168e-04
7.084526527666449225e-04
7.888612855934713656e-04
6.110219344132749491e-04
8.701647344109297334e-04
7.017149719979864225e-04
8.016911298954603740e-04
