7.563765243247703163e-01
4.078929921727121877e-01
3.659636732604768516e-01
3.463072683524202611e-01
3.586988472644193626e-01
3.371154835746612011e-01
3.376401629528881787e-01
3.164378690682811412e-01
3.099240343143910281e-01
3.039239212870598061e-01
3.128710055976738347e-01
3.132185599870151993e-01
2.836201116074750228e-01
2.930064072211583381e-01
2.688633323267654029e-01
2.817812543592335128e-01
2.789038541324344589e-01
2.515842669907911167e-01
2.582440864156793636e-01
2.290975613266597599e-01
2.538220241481874973e-01
2.571441684608106182e-01
2.414883850901215212e-01
2.461241263390323286e-01
2.536461662915017734e-01
2.532847085668716858e-01
2.332971082609376912e-01
2.241794347947026478e-01
2.382688098759562778e-01
2.324394549300641266e-01
2.251598632721989179e-01
2.176534166214642574e-01
2.229720536573433498e-01
2.132440731113339760e-01
2.000589563614792177e-01
2.109627172626830915e-01
2.077649533380696856e-01
2.099625843358628452e-01
2.178343745201458126e-01
1.973416282990832493e-01
1.983785754368629084e-01
1.941007816405208031e-01
2.001204259233710092e-01
1.977375114773526621e-01
1.990043921695079376e-01
1.892397304192001417e-01
1.816294023928083090e-01
1.937795113726162588e-01
1.971456565514758674e-01
1.920627785961569189e-01
1.919641765317431081e-01
1.946675743585751517e-01
1.915445427467793726e-01
1.685446578457399647e-01
1.678337071872787745e-01
1.882386671448195437e-01
2.006545329029545410e-01
1.881131551699873894e-01
1.849920702753243551e-01
1.758337522822397692e-01
1.756477735246773086e-01
2.030053440941336773e-01
1.751516417036821927e-01
1.741850161626015137e-01
1.837706938293980907e-01
1.662137195467948969e-01
1.927267094545158377e-01
1.659168260746899937e-01
1.723622000557772926e-01
1.585286162839627533e-01
1.761250005598053447e-01
1.684213440175409693e-01
1.696053531112862167e-01
1.767397870344144251e-01
1.663874403148153658e-01
1.598907751893555718e-01
1.669951879085949942e-01
1.592137771900053456e-01
1.654634928629722113e-01
1.710308385392030062e-01
1.517189821596314769e-01
1.641583693616184281e-01
1.753150732566912950e-01
1.580154604106037697e-01
1.800195291914321871e-01
1.709050125591916880e-01
1.566964731816156420e-01
1.611939466569894674e-01
1.675761269796409714e-01
1.534332126379013006e-01
1.490686845218325840e-01
1.731482398868710859e-01
1.534628108511736366e-01
1.464042401309182673e-01
1.501867931980041815e-01
1.628332397452107172e-01
1.532292765116801958e-01
1.511040667002951643e-01
1.655089968424520441e-01
1.535564274837573351e-01
1.608320072661211519e-01
1.580525157674227132e-01
1.604934405305503409e-01
1.437859222384882674e-01
1.612331020841260010e-01
1.520812279648250942e-01
1.456552778911075485e-01
1.483638642056856749e-01
1.430979015420616451e-01
1.485034329241808615e-01
1.487294939013175110e-01
1.402759783291890328e-01
1.550250030042212568e-01
1.408153971128257576e-01
1.522570455515826204e-01
1.426573353371134445e-01
1.378756429126233307e-01
1.399854989837349128e-01
1.350120414554336901e-01
1.304622885989554226e-01
1.320741065950305493e-01
1.323629373569547296e-01
1.163024629776676505e-01
1.199860386619413383e-01
1.306903369655763592e-01
1.166700034206848147e-01
1.232720842550474177e-01
1.110160659492751695e-01
1.342889638157722387e-01
1.159664965269190245e-01
1.195555573858228665e-01
1.103950543306124049e-01
1.139158032259639380e-01
1.123721596957356905e-01
1.143769270636969121e-01
1.060401518725686554e-01
1.067998899468853152e-01
1.125337736169451236e-01
1.050102163037216207e-01
1.108272686071785917e-01
1.007514514465942812e-01
9.815983603030074833e-02
1.016913549503150604e-01
1.053188913628275020e-01
9.551484185144488992e-02
1.070204173766628464e-01
9.498574557185264500e-02
1.205567773155592076e-01
9.439152587251162241e-02
9.668727057675520487e-02
9.372908262030026083e-02
9.999802749902929333e-02
9.996637944477024251e-02
1.009027785150173329e-01
9.969080229876217669e-02
8.845895552047654264e-02
1.050093801094242052e-01
9.193701076746722822e-02
8.805596000905850651e-02
8.919730207905816888e-02
8.523947299877757122e-02
7.680536759471129349e-02
8.355304561152962495e-02
7.474506953659318387e-02
7.440712651026573643e-02
6.250349951801636994e-02
8.337251701942691162e-02
9.319078994808534244e-02
6.580029780987972643e-02
5.864941982579716800e-02
5.944975924535861322e-02
7.394256291384262991e-02
5.154659931839337267e-02
5.294550768017803472e-02
6.486390197928419699e-02
7.597297174382859619e-02
7.089782327235343018e-02
6.366550178296884188e-02
6.913595672863546981e-02
6.493698930928165636e-02
6.079239761792799152e-02
6.798510901961564434e-02
6.223346045192972020e-02
5.985286869734768311e-02
5.988523840245267571e-02
5.007099858436206419e-02
7.523519510603049465e-02
8.003738894765796696e-02
9.787788919829275291e-02
6.591128020891007244e-02
4.302331170500694330e-02
4.930863128890596719e-02
5.232665596008308218e-02
6.275806610318357404e-02
5.101377884729802609e-02
4.443061209249096061e-02
4.290530488953529092e-02
4.927863567942646766e-02
3.560522204522082595e-02
3.588794244614190720e-02
5.916733880409015545e-02
3.444338166073403207e-02
4.356757540147409430e-02
3.368893005413773484e-02
3.377584301165089536e-02
5.591239461052877752e-02
3.586565844782371032e-02
3.704772114828817908e-02
4.076035043915144512e-02
4.398143744899838531e-02
4.407581379085811352e-02
3.682511990306954613e-02
2.657101005558986165e-02
2.525114121707039416e-02
2.756030208400508594e-02
3.438161821307145205e-02
3.023029749821921908e-02
3.018010382044883019e-02
2.305014492673965187e-02
2.294261966105554107e-02
2.235032251791616714e-02
2.950422994474508759e-02
2.330023059662324550e-02
1.797028398323725212e-02
2.033825612113812631e-02
2.212200882437218019e-02
1.665608468739871242e-02
2.415255390586778031e-02
1.627091879242841335e-02
2.043115806906298237e-02
2.437484650334473951e-02
1.818726448000514834e-02
1.926980266983511353e-02
1.315029321955237494e-02
2.188787148349244024e-02
1.943570549570711181e-02
2.004220131929859705e-02
1.815371688779089665e-02
1.258990759633776650e-02
1.481036016665161770e-02
1.394445604620204310e-02
1.202177006730043712e-02
1.245088588969585179e-02
1.392385312627359220e-02
1.366273695641638530e-02
1.203637985322473722e-02
1.303652358515698662e-02
9.732139860018014163e-03
8.449273451630833626e-03
1.151275873163807792e-02
1.193590473717618013e-02
1.248343590725372806e-02
9.646402604658637497e-03
1.216110678366010348e-02
1.035020486758471414e-02
8.017982644754636720e-03
8.297494854332117947e-03
8.429382893996542614e-03
8.076090232710740613e-03
1.097740821319657251e-02
7.166879115952387580e-03
8.090649002673233267e-03
8.862175288661153921e-03
7.251947218461608086e-03
7.712200104070369294e-03
6.340764834801210399e-03
8.264644952340196096e-03
6.233192579885540006e-03
8.920943791670590817e-03
7.101512118622198798e-03
7.331743258503082596e-03
7.406840357612194670e-03
6.617964857861054380e-03
5.172091618381576168e-03
5.341055358709747604e-03
6.051225788235255199e-03
5.626711110315305887e-03
5.646601447136073183e-03
5.098452244975125967e-03
5.407656835173546908e-03
4.782867379122148280e-03
4.809883478504408880e-03
4.943286185900214354e-03
4.569629152706932568e-03
4.219785967563753279e-03
4.626690868347530308e-03
4.300595934130987778e-03
4.555872703544122139e-03
4.759280515473159230e-03
4.155779028055635142e-03
5.337951151441470976e-03
4.934214396908732578e-03
4.607175658867109988e-03
4.191678925586349649e-03
4.171926848476002411e-03
3.896105980793941256e-03
3.275885511957691600e-03
3.448441481345335125e-03
4.388378576462726582e-03
4.437759090765464910e-03
