5.841112538689264937e-03
1.887014039366701618e-02
2.307554619777717544e-02
2.855998221784829955e-02
3.152014490354944354e-02
3.569891119122873407e-02
3.731834444642802978e-02
4.149461253833623686e-02
4.426392306700165091e-02
4.753613816459238001e-02
5.102964280472125497e-02
5.216300926734635662e-02
5.779242113140629911e-02
6.157625670096388698e-02
6.551656390505808392e-02
7.577329482653258341e-02
7.368465561741664727e-02
8.054395796340188540e-02
7.912601547108756572e-02
8.381388197066606816e-02
9.033395104386188201e-02
9.385173565443651056e-02
9.299738787022637787e-02
9.304746050893523968e-02
9.740407397901570952e-02
1.009526220276767833e-01
1.020613230488918444e-01
1.093257415073889266e-01
1.061128866157414058e-01
1.096399683091375532e-01
1.101308112435134823e-01
1.105145318916550407e-01
1.075943907469879002e-01
1.071353587103478638e-01
1.081002586785657915e-01
1.061434640284673603e-01
1.062459602952003507e-01
1.037685794180926019e-01
1.062658344245987208e-01
1.026816055362607255e-01
1.021786510484454097e-01
1.005172494384977550e-01
9.922188519511693228e-02
1.023092834945814045e-01
9.954584203200575465e-02
9.882880406983104993e-02
1.006902206505154440e-01
9.757535287443502847e-02
9.887710640459884681e-02
1.003206327557563809e-01
9.745242293970084180e-02
9.366102686358822316e-02
9.830829411009212038e-02
9.813990246182606458e-02
1.030391016032224799e-01
1.022326265864166167e-01
9.388830532998214407e-02
9.850277279354172077e-02
9.769394224808540528e-02
9.434865593542286766e-02
9.831387583672264452e-02
1.009589919613467363e-01
9.392311426776427108e-02
9.805129019566524717e-02
9.173568145912371075e-02
9.718949779132265987e-02
9.651314599646462766e-02
9.768582531883392150e-02
9.735898782993540612e-02
9.561993118697478811e-02
9.746048264665367611e-02
9.680340487831905205e-02
9.696521567709652512e-02
9.786108429601163283e-02
1.002818849535635909e-01
9.869291426406966161e-02
9.816895056469940317e-02
9.541634811479368650e-02
9.431649773945043058e-02
9.623739933710039052e-02
9.624821333513583488e-02
9.593462217369197464e-02
9.022171149651209143e-02
9.694308755390437793e-02
9.221110733478893318e-02
9.454768056302895185e-02
9.393367115178226368e-02
9.391955690987316419e-02
9.540701260169347220e-02
9.384836004472073279e-02
9.052746177731472998e-02
8.948170332996933929e-02
9.595752862500556146e-02
9.579544206276352503e-02
9.407938388578686306e-02
9.370370938638110381e-02
9.301445430811540460e-02
9.033580702947981156e-02
9.351997636718514806e-02
8.963623373412792084e-02
9.432355668165801066e-02
9.222430325584647648e-02
9.282187263446825543e-02
9.366105239332457588e-02
9.512671975441920613e-02
9.717943328030315131e-02
9.390618715573240127e-02
8.967103957210058318e-02
9.234840122086029890e-02
9.044552220054614955e-02
9.144612334576654455e-02
9.724876868688030196e-02
9.671102513869603290e-02
9.326030945888272305e-02
9.564173391755716180e-02
9.434646685366276930e-02
9.363795458166687680e-02
9.233066438708775747e-02
9.243796815474827899e-02
9.546030988387856075e-02
9.355253776834335233e-02
9.524735292350804128e-02
8.894051240734111852e-02
9.042004397437895802e-02
9.540019402349436684e-02
9.071746658027908528e-02
9.033535322473372486e-02
9.199329716739830520e-02
9.421831543246904361e-02
9.254413766809452269e-02
9.375049964881237985e-02
9.020698703365560844e-02
8.979694286798253766e-02
9.120458244909475376e-02
9.009531411675759938e-02
9.046949158296173354e-02
9.026219154949541301e-02
8.825823137605631752e-02
9.200528200577806626e-02
8.913950388446266471e-02
8.650475426312581595e-02
9.041703921961195822e-02
8.803400996566554393e-02
8.794724586201302374e-02
8.960860756996237575e-02
9.070260252481625318e-02
9.098132161630524684e-02
8.878683409205188892e-02
8.854795983176172447e-02
8.811879208610381986e-02
9.066044373644722987e-02
9.504115242097112282e-02
8.792340575176992024e-02
8.951254324228674619e-02
8.823228106822496308e-02
8.928872474733694220e-02
8.948344035465040369e-02
8.967596034024968854e-02
8.602217795488274754e-02
8.787195219853777273e-02
8.664303726436178854e-02
8.846305924249284192e-02
8.814213012839540451e-02
8.125812416827236928e-02
8.584330618197535956e-02
8.507128602560655450e-02
8.405534658167097828e-02
7.963667639795644904e-02
7.946930335443697091e-02
8.085157176318727434e-02
7.442488343351416624e-02
7.532801859908633269e-02
6.916477228112426212e-02
7.129720341828134356e-02
6.493702524422127753e-02
5.735505289501614118e-02
5.373176540949462648e-02
6.117400544017185388e-02
5.094169477161802212e-02
4.954997301791553427e-02
4.366806624572218409e-02
4.407461009413739944e-02
4.434117106835783195e-02
3.846172578172919049e-02
3.646718942686731635e-02
3.652149568898258730e-02
3.216966389919872354e-02
3.279634392992766129e-02
2.851214585710822730e-02
2.927707020469285867e-02
3.153467929956537547e-02
2.958240124776407437e-02
2.687410054567419479e-02
2.562554778508198058e-02
2.521266384843598787e-02
2.269498729434462139e-02
2.427018802946456430e-02
2.165275789900786285e-02
2.192307264187637675e-02
2.176640609934650181e-02
2.101511826945675829e-02
2.088202813318298240e-02
2.031000063835102995e-02
2.134532987048136723e-02
1.938097888954489617e-02
1.811991241777798772e-02
1.618317847864495299e-02
1.598636821533242977e-02
1.655802291093601275e-02
1.559170410755653796e-02
1.577430501160568405e-02
1.548560837105514461e-02
1.519320128129128360e-02
1.550911044727803882e-02
1.323199048753321942e-02
1.513984245966751990e-02
1.314561907489450628e-02
1.276791213456840261e-02
1.199810991931798618e-02
1.110388110981058371e-02
1.159134493410633217e-02
1.142892396612161902e-02
1.029058572315944345e-02
1.154196281402866155e-02
1.253361299427019175e-02
1.094960898799062811e-02
1.015732635565699989e-02
1.113749461731424958e-02
1.004016672715222699e-02
9.246428613982128272e-03
1.008897788742166290e-02
1.009742452038659040e-02
9.015695957961365400e-03
9.369180933141183637e-03
9.978186569239851436e-03
8.157527257679720797e-03
1.000812295881778335e-02
8.132425382629863975e-03
7.557979673664602660e-03
7.473756201036366176e-03
7.502380341872066580e-03
7.153495227670825934e-03
7.746071425801212204e-03
8.385105427055630778e-03
6.643323550420457066e-03
7.773122919096760869e-03
7.111522973727802711e-03
6.946089698496147984e-03
6.864449293151451796e-03
6.701850811634672313e-03
6.234665165359246607e-03
6.658416973099250818e-03
5.887404018380667375e-03
6.351927337940942858e-03
5.720980831186206310e-03
6.171903631471695531e-03
5.883663685785399736e-03
6.052287619267762882e-03
5.646569326801662708e-03
5.594809924792728574e-03
5.889382955393995117e-03
5.123534367885440761e-03
5.482959601435994680e-03
5.637962599342435759e-03
5.205225116389309604e-03
5.111581128504540800e-03
4.689362598295656812e-03
4.753349604154074454e-03
5.054718106812625296e-03
5.082009298249757535e-03
4.526479801890313619e-03
4.716532585429556237e-03
4.060625533765917748e-03
4.511174304198105681e-03
4.659198921024339073e-03
4.444517006516962576e-03
4.493955248265446394e-03
4.078993176822953357e-03
4.086465093473915303e-03
4.308578506957187575e-03
4.151408437260047275e-03
4.331345294737314749e-03
4.082667566965230734e-03
4.040145596351336563e-03
4.191069265419363962e-03
4.295883196934966071e-03
3.951477164396855618e-03
4.055116678743312525e-03
3.692011056715093810e-03
3.744446342655768142e-03
3.759810597963493106e-03
3.807799004587448209e-03
3.806065388288302955e-03
3.898432601335240135e-03
3.893093251979645297e-03
3.764814098170142162e-03
3.583395873184925043e-03
3.657427571288505638e-03
3.686335823142234281e-03
3.693275954171923101e-03
