7.003193838360869394e-01
3.974288595679365543e-01
3.591127994619769948e-01
3.328783001060838798e-01
3.201283193664786197e-01
3.238753184492205173e-01
2.894141352471010231e-01
3.076784483628508537e-01
2.939132849375407086e-01
2.783299343269548531e-01
2.970271198377932853e-01
2.620943718854291671e-01
2.790891674013785129e-01
2.888109911003230446e-01
2.731738040476669460e-01
2.822819847199651844e-01
2.626567045111715126e-01
2.490563682016031233e-01
2.685554254938055108e-01
2.536164833439720767e-01
2.438228501765816181e-01
2.710344271527396209e-01
2.360647946044250878e-01
2.340742955421224181e-01
2.272394353224907459e-01
2.388216295911942122e-01
2.420360372574241192e-01
2.306280256605442724e-01
2.186567976794860924e-01
2.419044172506273627e-01
2.199660400181640829e-01
2.299428491864675406e-01
2.220115039819552660e-01
2.291488792333337965e-01
2.123253647743919836e-01
2.116701389444463066e-01
2.070259162581261358e-01
2.117151859641810963e-01
2.020063261558980028e-01
2.088324294598014330e-01
2.048048176883179583e-01
2.007571592743014055e-01
1.958907493654592491e-01
2.080232626861996115e-01
2.054374156726731238e-01
2.004686248615200062e-01
1.869146986600057625e-01
1.869452838038588860e-01
1.934223643239633417e-01
1.852399910489718193e-01
1.766341817231825706e-01
1.986597652972480477e-01
1.918013693925775254e-01
2.110718850138378622e-01
1.990344661391443559e-01
2.031667318609025608e-01
2.021882097248309806e-01
1.795835357849244751e-01
1.842279624791792747e-01
1.898247330001106847e-01
1.884005112688482420e-01
1.843887612821511202e-01
2.013498266583975405e-01
1.698421928663680636e-01
1.839000371503241305e-01
1.688589494951345249e-01
1.990821034957965252e-01
1.742176324680999588e-01
1.672352840503056881e-01
1.707704434378279623e-01
1.767843809576682135e-01
1.905508515321546192e-01
1.879738827454455197e-01
1.699156917355678642e-01
1.747881091303295498e-01
1.791321405543037371e-01
1.814677187046151163e-01
1.787029168396084278e-01
1.763608774285257697e-01
1.818442264180860357e-01
1.731246084158803156e-01
1.624317388843607157e-01
1.747796111498717830e-01
1.703784131433492832e-01
1.691000252594182518e-01
1.587897256706599924e-01
1.735583299839938143e-01
1.608027434551421442e-01
1.626957813714757506e-01
1.639706994648333083e-01
1.635334997771330789e-01
1.619030411872598996e-01
1.613676937733903305e-01
1.775972324664945867e-01
1.537802647017402491e-01
1.603339238989132387e-01
1.654072459465191769e-01
1.673077903595971416e-01
1.616560400636107842e-01
1.575224779454278412e-01
1.480111732803009172e-01
1.629978704553695368e-01
1.631372693052262346e-01
1.608293377644853805e-01
1.576790931324164036e-01
1.594853421788156866e-01
1.490487519053765308e-01
1.600720940640679157e-01
1.545256191335710461e-01
1.605483650609298985e-01
1.528831692573464907e-01
1.522359461742050779e-01
1.496919761607308497e-01
1.548606897209897360e-01
1.552934988229363045e-01
1.477749856441845089e-01
1.531039145073772867e-01
1.422733842866656107e-01
1.580281868944933277e-01
1.591878889611473835e-01
1.653890612592667786e-01
1.527678717755609206e-01
1.417419525553230975e-01
1.564573625539555923e-01
1.541896318717871084e-01
1.443913754489686840e-01
1.515218067270370228e-01
1.452195149788886031e-01
1.440208951908129309e-01
1.435950073609013611e-01
1.428965388762730160e-01
1.358780254506402607e-01
1.371756780294724476e-01
1.519291769897128386e-01
1.415521186902935213e-01
1.462950610866149137e-01
1.384286337888535057e-01
1.499544715577805498e-01
1.304766226007982588e-01
1.339581513616405761e-01
1.450813349290394627e-01
1.375758930258912938e-01
1.388240350939241585e-01
1.379751656756356970e-01
1.301163625661973522e-01
1.348768889904022328e-01
1.336066968739032801e-01
1.322829621993465155e-01
1.319928184611561806e-01
1.352720206534420988e-01
1.324131374649795412e-01
1.299776024104636329e-01
1.301929351195325046e-01
1.330237041514964746e-01
1.276138625165194607e-01
1.246687324326715418e-01
1.275222169833234720e-01
1.315169080631968523e-01
1.295817373711385945e-01
1.294442981481552235e-01
1.353785078765617489e-01
1.263735857504753313e-01
1.292872612261109777e-01
1.293895545197121799e-01
1.288953284008635403e-01
1.240683645331933233e-01
1.217957337720342592e-01
1.259371432303278415e-01
1.315808897585044601e-01
1.233557657051233547e-01
1.168743004148573017e-01
1.196868539546374899e-01
1.047352258552923659e-01
1.189186281467109613e-01
1.003903412984477189e-01
9.790982302669205828e-02
9.355215090844366810e-02
1.139225148342917771e-01
8.859248486129038536e-02
9.406839862730308199e-02
8.744567989854624968e-02
8.538262168531891849e-02
8.204454334544730720e-02
9.677394244038028948e-02
7.430927367639486580e-02
8.825158245206154994e-02
8.145701313897231455e-02
7.784258561571025248e-02
6.114250226837387309e-02
6.872644393969280785e-02
8.627560492892416555e-02
7.027000288772224101e-02
7.176947107432225803e-02
6.156903587196907446e-02
6.410915788585021258e-02
7.149745010135603873e-02
6.719463503111820779e-02
6.035421209418456029e-02
6.006344169059216198e-02
5.935330336940773666e-02
5.451448340584052338e-02
6.307526819277152474e-02
5.916207468670355712e-02
5.652019649723912659e-02
5.812199586142935415e-02
4.675828024017750911e-02
4.284434284936539106e-02
5.852508339969826612e-02
5.375577989745781993e-02
4.344922729999971256e-02
5.154299787015734907e-02
4.267684730857806280e-02
4.535329673269671708e-02
4.449562137433756004e-02
3.996096853756799655e-02
5.209622694047191110e-02
4.039283950517046085e-02
4.523875057154024687e-02
3.924557399101710753e-02
4.504685605355871619e-02
4.066748098354573682e-02
3.798811814699603467e-02
3.468845475087427993e-02
4.233468876958301763e-02
5.361217613442280372e-02
3.703003016887606441e-02
3.315556917539337622e-02
4.313967047790266685e-02
3.627238857985997517e-02
2.774194297899943221e-02
3.239201340333193457e-02
3.403594168424060179e-02
2.867174146709141475e-02
3.431152134945466420e-02
4.357284653078862674e-02
2.910988808337909572e-02
3.324119753899903301e-02
2.719357969231449290e-02
2.654586772011868767e-02
3.041820318641480156e-02
2.561808235747136189e-02
2.164274843721894839e-02
2.953322627096592254e-02
3.066197716858077085e-02
2.133311739730013590e-02
2.687950290823613864e-02
2.668271255659666885e-02
2.838494663843942403e-02
2.341420653114098180e-02
2.290226425156342144e-02
2.264735277509137210e-02
2.474486628799903165e-02
2.287900941669193666e-02
2.630050115524086921e-02
2.047939822837684457e-02
2.331687556367718211e-02
2.137846092535053422e-02
2.196073667533418247e-02
2.181992666987360094e-02
1.952354040003689145e-02
2.090509605145205591e-02
1.661955279956196796e-02
2.035396307520712100e-02
1.813838710402279272e-02
1.989404847378336769e-02
1.913909357492768817e-02
1.747860369335588540e-02
1.792002195520412886e-02
1.661200450737256376e-02
1.628000045620640879e-02
1.779760304586185810e-02
1.535410735187376502e-02
1.634886763034349572e-02
1.678809357830754467e-02
1.513513185436525521e-02
1.549291942684686944e-02
1.569342436951608188e-02
1.370491539043687708e-02
1.494385163202007968e-02
1.462280692428998691e-02
1.460390489212133776e-02
1.423063066090603755e-02
1.432500141750040965e-02
1.399093176471608371e-02
1.454681486520487989e-02
1.394913531798527319e-02
1.410320442567656977e-02
1.437998215193978142e-02
1.389508332491616593e-02
1.400246170715372870e-02
1.404071226883119028e-02
1.387789711227890507e-02
1.387618962760847965e-02
1.318843034354762883e-02
1.325408421484839706e-02
1.375844196459913640e-02
1.268317836221274399e-02
1.350193636901144897e-02
1.300447715213163061e-02
1.321027281494339782e-02
