7.004362062171652914e-01
3.978062620501459645e-01
3.595743110150466659e-01
3.334494996218033691e-01
3.207587223362039497e-01
3.245892968442705140e-01
2.901605019046936684e-01
3.085083402049394463e-01
2.947985637151164795e-01
2.792806574407918907e-01
2.980477124820520851e-01
2.631376322956732738e-01
2.802450146940019260e-01
2.900425163132173134e-01
2.744841351553246045e-01
2.837974510443063703e-01
2.641303972697552349e-01
2.506672470841878608e-01
2.701379463444521511e-01
2.552927607739413074e-01
2.456295292318603218e-01
2.729114625189039689e-01
2.379247422939465284e-01
2.359352450679849666e-01
2.291875160402721823e-01
2.408406819826290901e-01
2.440772635885226916e-01
2.328145398217954798e-01
2.207790551546179314e-01
2.440972170620052950e-01
2.221686562178311619e-01
2.321531395025459299e-01
2.241633918918209400e-01
2.312915863446247389e-01
2.144873699932186573e-01
2.137930085169680305e-01
2.091508354209823395e-01
2.137905573955288518e-01
2.041316430049913977e-01
2.108860618630309103e-01
2.068483907867360860e-01
2.027675042365804092e-01
1.978751867825602195e-01
2.100694477650118519e-01
2.074283322894278914e-01
2.024452011066454338e-01
1.889285031568121165e-01
1.888967906573304489e-01
1.953999065046693184e-01
1.872464033556573149e-01
1.785832299402466405e-01
2.005329862972836386e-01
1.937675351805893120e-01
2.130346833233847936e-01
2.010952479171532192e-01
2.052113849991633598e-01
2.040659757262026919e-01
1.815535915026694203e-01
1.861818413813541018e-01
1.917117068245087208e-01
1.903667886959917732e-01
1.864079412026905802e-01
2.032282890039093792e-01
1.718032185126233957e-01
1.857347508271535164e-01
1.708027396811011289e-01
2.010123662466620220e-01
1.761713487130624201e-01
1.691824636617560440e-01
1.726828421431559069e-01
1.787335907603487539e-01
1.924869194258878313e-01
1.899131878336638712e-01
1.718729136166749216e-01
1.767937468433821713e-01
1.811059991449669448e-01
1.834310979018976551e-01
1.806112437152568306e-01
1.782472074491742164e-01
1.837689746401192092e-01
1.750495722264419352e-01
1.643504313158768160e-01
1.765840451198595618e-01
1.723172751381809309e-01
1.709442472936194557e-01
1.606806794296444241e-01
1.754370032499233956e-01
1.626811345832215316e-01
1.646039215824854351e-01
1.658476666075947847e-01
1.653440488387405150e-01
1.636926752917560457e-01
1.632868441626613432e-01
1.795131408322004629e-01
1.556618524416361338e-01
1.622079981743921595e-01
1.672675348726319622e-01
1.691145068011534192e-01
1.635264397035410266e-01
1.593152026427380741e-01
1.498976441491165212e-01
1.648423567046353733e-01
1.649937066812942055e-01
1.627025589852789389e-01
1.595816277335455335e-01
1.614289307391937878e-01
1.509268757599739330e-01
1.618655149583463349e-01
1.563725867297178496e-01
1.623572754202249613e-01
1.547120918554288349e-01
1.541809214072095147e-01
1.516261965128374578e-01
1.567258960900851372e-01
1.572063335941897566e-01
1.496619150272490151e-01
1.549766735116272776e-01
1.441199970006206976e-01
1.598769466082255175e-01
1.610970949087245918e-01
1.672601121213333208e-01
1.546728191368373917e-01
1.435207633324611376e-01
1.582657634706040872e-01
1.560976357693657501e-01
1.462057249781526236e-01
1.533285135794200948e-01
1.470593811921131477e-01
1.459052616799319246e-01
1.454458900117947817e-01
1.447715488618906698e-01
1.376821651594874185e-01
1.389716169486443220e-01
1.537532685715475300e-01
1.433540249358356833e-01
1.481044505941279121e-01
1.402338778531109775e-01
1.517196361205460087e-01
1.323167281064354384e-01
1.357409415743601189e-01
1.468114304160814121e-01
1.393842338641852474e-01
1.405847156995240488e-01
1.397341109720277308e-01
1.319085346511852663e-01
1.366909410896492705e-01
1.354263230790326566e-01
1.340586990301991799e-01
1.337637776807870382e-01
1.370343964178988849e-01
1.342263460803179154e-01
1.318784250521365387e-01
1.319514033879027048e-01
1.348139550628853489e-01
1.293785080359673711e-01
1.264545072008062265e-01
1.293118856295391306e-01
1.333104269648039686e-01
1.313021808862686046e-01
1.312017372866839671e-01
1.371113683752439583e-01
1.281428472173434807e-01
1.310501038936185136e-01
1.310147169793461630e-01
1.306121943633497540e-01
1.257697904689444313e-01
1.234768407120380856e-01
1.275298767021776636e-01
1.331702761582018446e-01
1.249727967321688782e-01
1.183627981715548172e-01
1.211934145815946468e-01
1.061185213587718251e-01
1.203445718267265596e-01
1.016890814987781583e-01
9.905692425751944086e-02
9.462678625627800322e-02
1.151459951804559845e-01
8.961131892362494966e-02
9.505939810582793303e-02
8.831904109130486735e-02
8.626411377659273794e-02
8.293136669276857109e-02
9.754317705375774306e-02
7.503861735465672256e-02
8.898201207630336562e-02
8.210040629283743563e-02
7.849851241191550810e-02
6.171274505825827955e-02
6.931198523581073856e-02
8.690629850061219741e-02
7.086165096484309256e-02
7.230695306530429689e-02
6.208154695140152141e-02
6.461341118412725071e-02
7.195134974878143741e-02
6.768003864354672772e-02
6.078726721260650778e-02
6.050190310278493605e-02
5.978863145358412345e-02
5.493478581933074895e-02
6.349290874283645969e-02
5.956827464425809571e-02
5.694710302675418806e-02
5.850961540479293621e-02
4.712067837352622995e-02
4.316800640474496159e-02
5.884481087667626370e-02
5.408694042247880890e-02
4.376106137922895767e-02
5.185848395670706462e-02
4.298655954175226168e-02
4.565716075371766686e-02
4.480580366353136695e-02
4.022560852617858979e-02
5.239902384288862291e-02
4.065575197247075362e-02
4.549410870714819949e-02
3.948553626161114410e-02
4.526893368499629311e-02
4.089930787385027272e-02
3.821669661100051546e-02
3.489426648275521098e-02
4.256552802930574364e-02
5.386284852388205369e-02
3.724902237788486892e-02
3.335871570262149283e-02
4.336242046272583556e-02
3.647319182238317054e-02
2.792687157440620210e-02
3.259379296257436387e-02
3.423789024743234544e-02
2.885205542164233708e-02
3.449890500054562242e-02
4.377241028558296471e-02
2.927303862598807857e-02
3.344136002903982247e-02
2.735622814568305916e-02
2.669702724567657448e-02
3.056767839607121492e-02
2.576812993121379430e-02
2.178581833031336193e-02
2.968814768657781003e-02
3.082967924076652697e-02
2.146598389445887253e-02
2.703496529007499982e-02
2.682494297540993777e-02
2.852386848190454488e-02
2.355149559934269915e-02
2.303630126781048768e-02
2.277204600517799063e-02
2.487803468310754301e-02
2.299675735810995797e-02
2.642753972337052309e-02
2.059381793128803664e-02
2.344031358302289120e-02
2.149613420971249744e-02
2.208178238367430532e-02
2.193285810961826537e-02
1.963543655093181670e-02
2.102288372480859424e-02
1.672202358997849567e-02
2.046362230445353259e-02
1.825114634415468326e-02
1.999815299044892247e-02
1.924132522067844089e-02
1.757239098827725540e-02
1.801508893038794232e-02
1.671309884740715054e-02
1.638164064079094748e-02
1.788813265615047873e-02
1.544843797297446898e-02
1.643008009415086734e-02
1.687831708084918531e-02
1.522831585942544842e-02
1.558180976710081024e-02
1.578330350676867763e-02
1.378649520814594076e-02
1.502558103554887774e-02
1.470897853412028722e-02
1.468693307537318089e-02
1.431725757815630745e-02
1.440665479621887346e-02
1.407173468465816243e-02
1.463063628582375771e-02
1.403505291804501773e-02
1.418223401504988511e-02
1.446108447145641983e-02
1.396892359715607573e-02
1.407735064008810641e-02
1.411590852000733400e-02
1.395405308454136448e-02
1.395231093419069084e-02
1.326639902608916025e-02
1.333194608805682475e-02
1.383373823908321497e-02
1.275484628312830056e-02
1.357508495948198286e-02
1.307820388770599036e-02
1.328413836540507688e-02
