2.069343149514845770e+00
2.095438132462678293e+00
2.098310472935806192e+00
2.091843838750579998e+00
2.095225666776115325e+00
2.090999420189563196e+00
2.088707301057415311e+00
2.088077095408498618e+00
2.090218213752463861e+00
2.077760711717016928e+00
2.085799041206453985e+00
2.090771542655097015e+00
2.097026623619927310e+00
2.103926715144404547e+00
2.097932239226353079e+00
2.089762462804346743e+00
2.082418011441642847e+00
2.077329208232738367e+00
2.052614840166068433e+00
2.071040743957331287e+00
2.064813735749986279e+00
2.055575845270980917e+00
2.071291522626523829e+00
2.076149005654417401e+00
2.082701029600920517e+00
2.080273745972433197e+00
2.085575671254852548e+00
2.072529245305944290e+00
2.079203521469493054e+00
2.082922506921085493e+00
2.094904690612981568e+00
2.092713330115801185e+00
2.089738018130078867e+00
2.081596312110806757e+00
2.076834168846224404e+00
2.076233813792099259e+00
2.061123379954585388e+00
2.062321476877471582e+00
2.063940924185293735e+00
2.075606045899567764e+00
2.070192152188147894e+00
2.056116482063576001e+00
2.058922780590292767e+00
2.054948312264901489e+00
2.070705882413887533e+00
2.070872212044986505e+00
2.058523262282948352e+00
2.056788892510496680e+00
2.060173555068027795e+00
2.063436551741611780e+00
2.060607559886979523e+00
2.063023331724567200e+00
2.042312170546731753e+00
2.049258867899576675e+00
2.050367622022275516e+00
2.041065176622367083e+00
2.054298469166696783e+00
2.057955693021232602e+00
2.061948029788923886e+00
2.054741191275325729e+00
2.072616863839420454e+00
2.081967914840321399e+00
2.098573109544353610e+00
2.098653386551657007e+00
2.101196775907351544e+00
2.104558506718388511e+00
2.097581702102849555e+00
2.098462004131740777e+00
2.087969338452374313e+00
2.088170082775163028e+00
2.091323642966187890e+00
2.098508870160137985e+00
2.098761641537701728e+00
2.118378222430193691e+00
2.115803507227956626e+00
2.107945639410136796e+00
2.112071665422416089e+00
2.110543402330375073e+00
2.128118170043568735e+00
2.140633912734043243e+00
2.148670681611991373e+00
2.141064430166173871e+00
2.152676097257637533e+00
2.147937645146876129e+00
2.163288845250635806e+00
2.167429371233339452e+00
2.163108329419736631e+00
2.151180741816391073e+00
2.172616824986022266e+00
2.167421256171332633e+00
2.186864068773057834e+00
2.186227731351499060e+00
2.173894653202574911e+00
2.172848766232714279e+00
2.183609915957038794e+00
2.180682641488534301e+00
2.191683926405730176e+00
2.192509881949719297e+00
2.179799513169276892e+00
2.191966334684395612e+00
2.191938326093885614e+00
2.201037359826358841e+00
2.204177554448445431e+00
2.206933047447675378e+00
2.207702433621441696e+00
2.193314154354142342e+00
2.200983579659167688e+00
2.228053044684139117e+00
2.234022159929628604e+00
2.231642737212004679e+00
2.241102684868706785e+00
2.232778430868078257e+00
2.227298413971324109e+00
2.235976418742426919e+00
2.235693793826633247e+00
2.223712308907214386e+00
2.229022720713674133e+00
2.246712969556266870e+00
2.268875445848629990e+00
2.260861659344331809e+00
2.244258726379017688e+00
2.230793674492541623e+00
2.236581488008852148e+00
2.234858579988832972e+00
2.242732610231564561e+00
2.246235783306168798e+00
2.248913087373898279e+00
2.249231620482456506e+00
2.260906940625037720e+00
2.276438926767419879e+00
2.280000476483945437e+00
2.284425147963158764e+00
2.277105193667941840e+00
2.286424482015915860e+00
2.291028424839914646e+00
2.289542656180299396e+00
2.288215636029655720e+00
2.292832786654248611e+00
2.282924517290091604e+00
2.284500037299262321e+00
2.285754559952535736e+00
2.268606705135769452e+00
2.263889246222413831e+00
2.276880082377680914e+00
2.263252042252340335e+00
2.253561281274865991e+00
2.250578018471046882e+00
2.246475697152408468e+00
2.238561112792403662e+00
2.241873758221850199e+00
2.252381611459049360e+00
2.246280786137521801e+00
2.251531665119124170e+00
2.251794592539469342e+00
2.258914189868503009e+00
2.263122932999222403e+00
2.270889361110734139e+00
2.258703766928778833e+00
2.269777949062394384e+00
2.253258039333202234e+00
2.253605348092538208e+00
2.268204538321789254e+00
2.265391319180712237e+00
2.273133808889506557e+00
2.271840276247189205e+00
2.264059331093305261e+00
2.273490707962601221e+00
2.281721485985650055e+00
2.291890716552734464e+00
2.291253214706609143e+00
2.293403671994621362e+00
2.281027636115933621e+00
2.259440372019638321e+00
2.255767599741617779e+00
2.257114889592300333e+00
2.240741072172000248e+00
2.239915263799973300e+00
2.232453567599072652e+00
2.233008200445292690e+00
2.229487968962869715e+00
2.228703257478313660e+00
2.219689315631065973e+00
2.215548329294463770e+00
2.223723652922076965e+00
2.222584999932183170e+00
2.222328656985435913e+00
2.223346471197811258e+00
2.219367104989510953e+00
2.217907960326583439e+00
2.216740345071863239e+00
2.214396872932528293e+00
2.210832173147319057e+00
2.214177236439269336e+00
2.213946643287752813e+00
2.219401699819682605e+00
2.220630927733433069e+00
2.214463291639163334e+00
2.216369658929330466e+00
2.215944490315001847e+00
2.222660171249766226e+00
2.217832103776343100e+00
2.214220327212486517e+00
2.217283541479228237e+00
2.220832692840952749e+00
2.220852740016984406e+00
2.222067111804161499e+00
2.222593146783334195e+00
2.220371391743789502e+00
2.219844941739682831e+00
2.216427194336314077e+00
2.215666998168568380e+00
2.217416955217903052e+00
2.217440645194348026e+00
2.216849387133562832e+00
2.215072032551706371e+00
2.214728957635384798e+00
2.214125415425241883e+00
2.213956137645391564e+00
2.214729659939989492e+00
2.211366868313447753e+00
2.210155646006266128e+00
2.210325952812477457e+00
2.211715614059825086e+00
2.213145834133948942e+00
2.212778821992285483e+00
2.212440209918551837e+00
2.214756009019451355e+00
2.214016004256260217e+00
2.213785576526029697e+00
2.213067898926911692e+00
2.213741374898839709e+00
2.212251245239634567e+00
2.210225122946280152e+00
2.211052899301788166e+00
2.212371835590880575e+00
2.213741333690690372e+00
2.212866090256490725e+00
2.211179612595358002e+00
2.208348685135076206e+00
2.205570534129201565e+00
2.208205489759091922e+00
2.206656865131707779e+00
2.209630512308191186e+00
2.208800842143871179e+00
2.207728836860185950e+00
2.209066589967703997e+00
2.211572866675294513e+00
2.210603698094685932e+00
2.210309627909719410e+00
2.207051167664704661e+00
2.208058079966792153e+00
2.208843620323840629e+00
2.209156652733131665e+00
2.207187191056616538e+00
2.206417159680967188e+00
2.208718153871136014e+00
2.207547934850056848e+00
2.206952786151273660e+00
2.206354703432248154e+00
2.206942942113052197e+00
2.206225732520774585e+00
2.205805490046371720e+00
2.205959719198721469e+00
2.206703166608457334e+00
2.206024155793366415e+00
2.207782489870801168e+00
2.207618580924139984e+00
2.207406999446727802e+00
2.207147339832635780e+00
2.207161258179464625e+00
2.205666149398426867e+00
2.205387191419248438e+00
2.205574006798826758e+00
2.206044784592993580e+00
2.205247932598914495e+00
2.204945573100337342e+00
2.204560807310504522e+00
2.205072069756778497e+00
2.205297880996892612e+00
2.205059301706008057e+00
2.204202030323169748e+00
2.204362251729141242e+00
2.204179435306125256e+00
2.204243986106213082e+00
2.203940491028773874e+00
2.204130573625917577e+00
2.204093061258763253e+00
2.203919524322321521e+00
2.203868365582124511e+00
2.203985741109023788e+00
2.203299140930175870e+00
2.203271243601669482e+00
2.203017889423134701e+00
2.203041047225763549e+00
2.203675125263355294e+00
2.203304038813084897e+00
2.203186188215090713e+00
2.203137320059317172e+00
2.203396775987413125e+00
2.203151543935140122e+00
