8.134282927454253853e-01
4.162558802116064216e-01
3.853853424758086899e-01
3.602676809569935745e-01
3.561093875287491550e-01
3.571039884178726642e-01
3.660836450295683608e-01
3.629885494709014782e-01
3.697022996934843375e-01
3.331438018583957050e-01
3.483141991091363021e-01
3.418894786157725685e-01
3.092671963719674233e-01
3.294845402424718128e-01
3.213623579821469067e-01
3.384505160244894451e-01
3.578523737412911965e-01
2.985995723693459225e-01
3.226047702225637859e-01
3.131074810469591796e-01
2.831406811689153313e-01
3.178528612042650914e-01
3.090744089933089023e-01
2.846578726429997985e-01
2.757753716206844952e-01
3.011493584256113576e-01
2.861605047627731602e-01
2.933141113983260273e-01
2.552166056485823398e-01
2.812668497363726150e-01
2.716006860688880420e-01
2.559095562056258877e-01
2.525950828084239097e-01
2.582017508185939780e-01
2.476205978220627768e-01
2.645137760282298411e-01
2.504321484838002987e-01
2.674689600865046146e-01
2.325487221832628626e-01
2.618637511943593399e-01
2.369664777392222477e-01
2.274198963502306881e-01
2.643239985553570981e-01
2.392394017842080778e-01
2.239170465204450844e-01
2.301048144054265721e-01
2.155363646876296835e-01
2.511560464714780450e-01
2.050893348032309660e-01
2.240876282392828545e-01
2.211987712501007897e-01
2.146568400348410066e-01
2.285326859649316755e-01
2.039600470275790556e-01
2.113506927902315813e-01
2.109207400845156677e-01
2.144091708884562908e-01
1.962095450379966188e-01
2.123558538563457554e-01
2.153102373083432552e-01
1.953970123036408157e-01
2.000535862865271408e-01
2.014879350768931099e-01
1.986518825737782490e-01
1.944818979244173351e-01
1.881783862264803930e-01
2.014015216702296496e-01
2.059908655736549521e-01
1.905683578946340273e-01
1.704266751851932493e-01
1.900473100259716108e-01
1.851997229236143627e-01
1.871558708219248635e-01
2.105933946545845148e-01
1.823030643441058973e-01
1.735586877498361824e-01
1.724527872362990322e-01
1.760201535291141817e-01
1.804095042800461790e-01
1.833896282232470032e-01
1.604123937127031052e-01
1.829121283129041542e-01
1.685457393343066101e-01
1.517597168132110985e-01
1.486595796927073776e-01
1.505300853332435518e-01
1.476468651038077007e-01
1.658404548566236592e-01
1.459395380644702700e-01
1.453221611264679247e-01
1.230079315579783727e-01
1.191792258164948853e-01
1.602532253681141772e-01
1.370585677570398953e-01
1.614205467457204557e-01
1.543295838640151851e-01
1.413609353101087929e-01
1.263843562155042288e-01
1.216115872806834974e-01
1.398776606038603654e-01
1.522503856997821925e-01
1.292955888193790537e-01
1.517218007516391853e-01
1.690549976652327147e-01
1.435357599657166860e-01
1.278533384545970653e-01
1.271261678295738939e-01
1.396542153005016773e-01
1.302543254579233423e-01
1.314593716329078565e-01
1.436488387246765697e-01
1.220135616612862128e-01
1.385395247509335070e-01
1.419855840222473131e-01
1.234722811817823979e-01
1.122999012412037728e-01
9.982981337033165758e-02
1.317142674593789475e-01
1.029866492163021979e-01
1.315893316802419222e-01
1.258414289674054665e-01
1.497571062349806192e-01
1.148835593345862438e-01
1.525586060447011727e-01
9.043259072882112171e-02
1.171510998707948753e-01
1.406209011151840493e-01
9.885917411941781696e-02
6.842988354163273557e-02
1.438040893581296331e-01
1.045995314625655231e-01
1.301421776551172638e-01
1.243989533100875039e-01
7.901779551624556197e-02
8.936577097108203138e-02
9.574037033900686944e-02
5.600180756462375814e-02
7.164360699506137908e-02
9.721851900893976883e-02
8.246762238927601851e-02
1.009597400792250632e-01
9.472268664468162791e-02
8.701501389694857314e-02
6.927994101072580679e-02
8.014383194594425219e-02
6.908021889758844680e-02
6.905915142012901409e-02
8.666797693648856105e-02
5.713733425217480677e-02
7.255140136928084349e-02
6.089975581585967135e-02
7.388669333048272780e-02
9.494956381932291578e-02
7.020067342138061606e-02
8.548450950750711985e-02
6.509541324346992952e-02
5.469091296162568311e-02
6.477015374221981037e-02
4.306424058134628724e-02
6.176094349276455703e-02
5.476735322340068463e-02
4.608251905950134369e-02
5.630000580885852896e-02
4.716852405085156241e-02
5.978711596258950295e-02
7.247379523467338547e-02
3.776276944084617365e-02
7.293514271052431441e-02
5.513489276242052733e-02
6.456261351577942398e-02
4.260786408730056485e-02
5.064175045974682321e-02
6.207673635474265234e-02
5.712821979634750968e-02
5.390089198564830542e-02
4.995612787857725556e-02
3.555402680030067541e-02
4.319684641596262253e-02
3.347505504560238654e-02
3.634642292539708164e-02
4.417021382328972096e-02
6.145775634341802546e-02
4.317700926078010121e-02
3.421971823860794903e-02
4.554990631534307222e-02
5.046266713761275724e-02
3.540101253776451601e-02
2.395638892893107302e-02
3.368247339083294684e-02
3.404943878269005991e-02
5.444278601897638986e-02
3.873914234367767384e-02
4.461949326539552813e-02
4.278568271968393594e-02
3.244023365017553728e-02
3.722558590915143323e-02
2.929584215647385720e-02
2.504325957385766452e-02
3.933788000263850615e-02
4.016699624964396170e-02
2.257634954675503958e-02
2.308194515104714656e-02
3.559373277339208941e-02
2.361623808119699824e-02
2.353053186802136348e-02
3.414454185672016057e-02
2.678232103204254005e-02
2.410665743019633697e-02
2.085853611757489470e-02
2.395426110745541362e-02
2.113529085441701733e-02
2.829921753305421339e-02
3.115661105442052783e-02
1.992580794549549464e-02
1.998682205957277164e-02
2.048685911144230640e-02
1.810383366986189138e-02
1.871986402846142691e-02
1.924138288761443813e-02
1.759742573763498769e-02
1.931114527466248898e-02
2.696146426330673501e-02
1.802499582346497875e-02
2.109254896773047477e-02
2.489218006081545670e-02
2.323800291594383532e-02
1.715418225590209164e-02
1.556066333590776750e-02
1.530296416339420665e-02
1.867930979615378684e-02
1.298438611894973081e-02
1.875209309341081126e-02
1.623387177010213525e-02
1.407967527612740549e-02
1.376418623505383000e-02
1.421066965513428232e-02
1.452977582507572474e-02
1.550953561460950009e-02
1.440903840165345950e-02
1.717016502670172182e-02
1.469741067953747593e-02
1.269354117414170369e-02
1.458297837769485447e-02
1.241753792624585018e-02
1.274378753379871131e-02
1.177454300911370995e-02
1.357163497992632493e-02
1.430599822250556291e-02
1.196425371451402542e-02
9.813779776061296728e-03
1.170230141963174084e-02
1.151270493376580807e-02
1.151738103810742014e-02
1.466654841333590344e-02
1.143213034877219383e-02
1.291172928212301792e-02
1.127991608881990203e-02
1.111326372319362474e-02
9.993761892076657646e-03
9.002441778106856640e-03
8.522783741625095458e-03
1.015220487640621297e-02
8.651238200350852559e-03
1.030439011338100432e-02
8.357765224846607985e-03
8.821872939736267669e-03
8.657334126085370479e-03
8.596796112935947351e-03
9.863472084362001624e-03
8.028599681232730795e-03
8.232869606287334871e-03
8.877081342055774538e-03
8.997637754384167283e-03
8.287240210643457075e-03
7.874046066322472684e-03
8.257327422006148845e-03
7.941690027082923958e-03
8.261517039109430444e-03
8.044953956203153636e-03
7.658773873143577202e-03
6.357304246872153182e-03
6.919935249899014998e-03
7.263244573833718687e-03
7.127858314626432483e-03
6.902483673671488441e-03
6.685671461781128762e-03
7.287771035606527455e-03
6.351955969492135284e-03
6.822662945620479660e-03
6.858653266090747672e-03
6.316865368059137488e-03
6.605828938897760974e-03
6.913643760843250080e-03
7.352260509637912819e-03
5.886974283041328769e-03
6.236603404930199900e-03
6.786073789875063031e-03
5.826994327033411906e-03
6.029457645012438645e-03
5.768580817701508649e-03
