7.592887600262959724e-01
4.119293207003746349e-01
3.825505289766523709e-01
3.588869834755673560e-01
3.554649075240264855e-01
3.562363648856127774e-01
3.661957030311042693e-01
3.638369514250460734e-01
3.703615643727926621e-01
3.335597405279124295e-01
3.504591848011370248e-01
3.418780391966855237e-01
3.100329399660781693e-01
3.296127575047222424e-01
3.211785112266187237e-01
3.383734002341458602e-01
3.586717214665295361e-01
2.991597399851422256e-01
3.229090229596620620e-01
3.126387209620004604e-01
2.841826448837915797e-01
3.179572418332100026e-01
3.108414457720002910e-01
2.841697209043267391e-01
2.759880550665619880e-01
3.031319630366784423e-01
2.857757759131031028e-01
2.946851312562271397e-01
2.535064557452260670e-01
2.824212000141909096e-01
2.730637739653940521e-01
2.567082672115461595e-01
2.536870157829037575e-01
2.581075134652632275e-01
2.478997980003003754e-01
2.637048129590205403e-01
2.510169251281538227e-01
2.686424502068095466e-01
2.324877580006917410e-01
2.623532719082302678e-01
2.373475875383541933e-01
2.277309988567858545e-01
2.650351505588602330e-01
2.393435501482015781e-01
2.227140325179070568e-01
2.316282662160602523e-01
2.155543691398184858e-01
2.514633199866906921e-01
2.053499035905172743e-01
2.240195501457761806e-01
2.211113480966032385e-01
2.151546129014021147e-01
2.291011084377029827e-01
2.038756486994248718e-01
2.114177823250676380e-01
2.113688865101631675e-01
2.142228624519006697e-01
1.959873038493556707e-01
2.128739885893868866e-01
2.154459657768408587e-01
1.952318811582194336e-01
2.003263084056936538e-01
2.020467017903740115e-01
1.988259820198571282e-01
1.938977742452680231e-01
1.882107207252655401e-01
2.013832863098309334e-01
2.055689377549253793e-01
1.905320376939611537e-01
1.706492946839626990e-01
1.897426788085772587e-01
1.850356939306229687e-01
1.871933034954615660e-01
2.110139104457181281e-01
1.826591426483643033e-01
1.733072553979761732e-01
1.717644575201434931e-01
1.760117993264654623e-01
1.799862767351262383e-01
1.834903893095475580e-01
1.604066176362979601e-01
1.827878611599221548e-01
1.676049668985752361e-01
1.514929294172260577e-01
1.480301416674513759e-01
1.502424039199580508e-01
1.468003900169774223e-01
1.654426284427581995e-01
1.457493723174672073e-01
1.451272887488206098e-01
1.232327339009462314e-01
1.189525582977099122e-01
1.589351212272397396e-01
1.372817757895883339e-01
1.619320946998526189e-01
1.551278141729625637e-01
1.412322463237760950e-01
1.254061683977919506e-01
1.215815774090358153e-01
1.391551503931735545e-01
1.524591242934772717e-01
1.296459606329818381e-01
1.523072823246849061e-01
1.704125562724427279e-01
1.427471640146119047e-01
1.280332115277602045e-01
1.277732890654056375e-01
1.392623267162384215e-01
1.298065778399806192e-01
1.314019966007491935e-01
1.430335447209438726e-01
1.213149791727141519e-01
1.389249033064662020e-01
1.412994377453018202e-01
1.221561083259681824e-01
1.119703051172064590e-01
9.982797489300324068e-02
1.329830655282691065e-01
1.022701959205463695e-01
1.323336974295132029e-01
1.262284835005023920e-01
1.502818029035417335e-01
1.167230121322826997e-01
1.528650588239183761e-01
9.058308617695505494e-02
1.177357888421227683e-01
1.418543576441107235e-01
9.972371703235111129e-02
6.857663242223265010e-02
1.439045136130449321e-01
1.044236210261092201e-01
1.315830551174089758e-01
1.228043617480894384e-01
7.925252718730602108e-02
8.944678388390098212e-02
9.588366464822571655e-02
5.609992353795714010e-02
7.108213382320015261e-02
9.832348731507398187e-02
8.195339157114905904e-02
1.009661406959496133e-01
9.461192686019470610e-02
8.626533847686297662e-02
6.964080056605320701e-02
8.104816379469681475e-02
6.962189348701985914e-02
6.828983849360763247e-02
8.835246918146659467e-02
5.747194158418691967e-02
7.334631154114987228e-02
6.141149466343506086e-02
7.293080137913218741e-02
9.550186458315389204e-02
7.123865115904608192e-02
8.606050946558595205e-02
6.621891012653151332e-02
5.595462554535773902e-02
6.551115233233748003e-02
4.305697761278960006e-02
6.177010166021868615e-02
5.527697963049753305e-02
4.661545942228123574e-02
5.736564483524466546e-02
4.720584353021371748e-02
5.945306645789295852e-02
7.254910101908558506e-02
3.823463396446988988e-02
7.250195421827497488e-02
5.640345195281918494e-02
6.585425456647543696e-02
4.229224536666376100e-02
5.079130496234916109e-02
6.180238717684398420e-02
5.701860971402097911e-02
5.452470191624871065e-02
5.005724555164677014e-02
3.596200642524410157e-02
4.361727486479880650e-02
3.375095186722184420e-02
3.743399219731796679e-02
4.476538809572553484e-02
6.178454980123475326e-02
4.318841178284384824e-02
3.440629928150928246e-02
4.548210853457998470e-02
5.163189597411406428e-02
3.564379552950907443e-02
2.390073428944078024e-02
3.397193813606137758e-02
3.479143344523402681e-02
5.390509688503821589e-02
3.807086767300921909e-02
4.448909846914717720e-02
4.286425777804932918e-02
3.259815650668809739e-02
3.796458015234366323e-02
2.917914522399825406e-02
2.512915448746809097e-02
4.005361380395810328e-02
4.118121326975574675e-02
2.290653244141409653e-02
2.352834519389247758e-02
3.582725378321889587e-02
2.372525585550321753e-02
2.411317229861545050e-02
3.470343857407436755e-02
2.671785555876677112e-02
2.435991677817515508e-02
2.116094314008893848e-02
2.395266036821766878e-02
2.119447819647047801e-02
2.884718244581395072e-02
3.122351191433816314e-02
1.989447158395907592e-02
2.032144555541665759e-02
2.069626999335373585e-02
1.824076846922836892e-02
1.886254866146182610e-02
1.926471901917443941e-02
1.788389023727008850e-02
1.934841526938579914e-02
2.662778293427290471e-02
1.805371202176446130e-02
2.130055628004126275e-02
2.506563593256200956e-02
2.313593154126184631e-02
1.710610185012531939e-02
1.571849378590819968e-02
1.547818407406013549e-02
1.892200358121538806e-02
1.320411468363157960e-02
1.884059619687944442e-02
1.630198819042067912e-02
1.405969484810078510e-02
1.391394329968736326e-02
1.432366612294392813e-02
1.473093946217965237e-02
1.581281164006572912e-02
1.458516777979358518e-02
1.752615093667339238e-02
1.469471111352358556e-02
1.279270973323878846e-02
1.476858657257747176e-02
1.238576969466027335e-02
1.272565951789551494e-02
1.186444766795987336e-02
1.362716991582455656e-02
1.444156319260479424e-02
1.199200485393647070e-02
9.860825949169933768e-03
1.178465266530110897e-02
1.155582869495345999e-02
1.167872353456644863e-02
1.480920338349222404e-02
1.155165477778800735e-02
1.297990581202881216e-02
1.140109755950915148e-02
1.113873505026860555e-02
1.004318514766100109e-02
9.041961716334130303e-03
8.542096586638819877e-03
1.017879821403632271e-02
8.639314875771009899e-03
1.025294214438120244e-02
8.294396145313917904e-03
8.897423722737584847e-03
8.764701858694653319e-03
8.541593704860224109e-03
9.910584043041407304e-03
7.984596038798450618e-03
8.253926434172395923e-03
8.911224754042506094e-03
9.030638594057237983e-03
8.320718997542208076e-03
7.930433460868148085e-03
8.390525702421137988e-03
7.921107813407289588e-03
8.250400071685565218e-03
8.047019157026097727e-03
7.724975886924733554e-03
6.441997843478334575e-03
6.967407530006582139e-03
7.382137936793349044e-03
7.067118705758112379e-03
6.915085766922857320e-03
6.677151614185052736e-03
7.297528296442545165e-03
6.265794112063483370e-03
6.845474963962192884e-03
6.827883187561158314e-03
6.237633295805372624e-03
6.592316137319380667e-03
6.936277058524371354e-03
7.355183216257074261e-03
5.852260416392069883e-03
6.229682310199509583e-03
6.797759531452165702e-03
5.723041608617666573e-03
6.042134934688403285e-03
5.844532425490561560e-03
