7.674230437219878853e-01
4.160918784730228137e-01
3.864043828513887280e-01
3.624896614639847581e-01
3.590260014489844997e-01
3.598074044710324326e-01
3.698565390558890553e-01
3.674668363031046159e-01
3.740585869477118797e-01
3.368911784188247105e-01
3.539423264103171429e-01
3.452969338238975339e-01
3.131256117680926154e-01
3.329076029084346855e-01
3.243921351653558105e-01
3.417579049865404617e-01
3.622502446910481622e-01
3.021457352572017308e-01
3.261350704012093704e-01
3.157697961102297057e-01
2.870140524006184468e-01
3.211357706306893212e-01
3.139321900812196420e-01
2.870163003971547000e-01
2.787458090318573611e-01
3.061434562927410896e-01
2.886373810378121685e-01
2.976182721095320671e-01
2.560586221608114887e-01
2.852338689896795620e-01
2.757797813893836381e-01
2.592673626210954541e-01
2.562129662176709233e-01
2.606895309723453735e-01
2.503760036770944497e-01
2.663499505891476216e-01
2.535212467666025371e-01
2.713171397278338337e-01
2.348132454134799763e-01
2.649719089269638173e-01
2.397172528652497248e-01
2.300051979812574865e-01
2.676783902777565838e-01
2.417359449429276608e-01
2.249532036299322912e-01
2.339293142527709701e-01
2.177097325753650503e-01
2.539748809219878334e-01
2.074007970683368618e-01
2.262604268520702622e-01
2.233233353238046892e-01
2.173011820165463570e-01
2.313864354826050129e-01
2.059152492770442155e-01
2.135312895899937613e-01
2.134780941370092722e-01
2.163669540190402418e-01
1.979493994403768442e-01
2.149975473682085580e-01
2.175990684440842482e-01
1.971858511552398718e-01
2.023268444854536274e-01
2.040615812679867636e-01
2.008125003013346010e-01
1.958425935771730131e-01
1.900925046315899702e-01
2.033973012809400238e-01
2.076288464030733860e-01
1.924377213703629408e-01
1.723535617974437384e-01
1.916431518800464640e-01
1.868876918046562807e-01
1.890648623675475759e-01
2.131198440298990027e-01
1.844821729317859260e-01
1.750428420893939963e-01
1.734889858988700184e-01
1.777720005791864344e-01
1.817903714507450308e-01
1.853242856806811001e-01
1.620107412154291882e-01
1.846169821964001867e-01
1.692904244280523662e-01
1.530105269272570290e-01
1.495167374886848255e-01
1.517477047158244108e-01
1.482768583467897194e-01
1.671010330652841214e-01
1.472087678005113975e-01
1.465805100966934837e-01
1.244628134011118437e-01
1.201443502966912380e-01
1.605376535635671398e-01
1.386523613476274841e-01
1.635463000666120270e-01
1.566711099082488956e-01
1.426458559481909860e-01
1.266700117705091000e-01
1.227976933041196594e-01
1.405539267860284047e-01
1.539816282959770022e-01
1.309389160575207267e-01
1.538245000212487834e-01
1.721031062842496295e-01
1.441825214612447170e-01
1.293117452065034867e-01
1.290445508593463519e-01
1.406588689188392471e-01
1.311091211956442737e-01
1.327165904283138520e-01
1.444700324347380771e-01
1.225351141915185238e-01
1.403102986334915092e-01
1.427192939120563164e-01
1.233908307508645996e-01
1.130933044549439909e-01
1.008262727536077125e-01
1.343002083393699253e-01
1.033000625871886430e-01
1.336495903004420727e-01
1.274868973682456441e-01
1.517793740243593426e-01
1.178718471880944724e-01
1.543906452542783136e-01
9.148741234259186172e-02
1.189072998801826986e-01
1.432605667342288225e-01
1.007123086079064062e-01
6.926093127572748032e-02
1.453425545103483041e-01
1.054696165276748782e-01
1.328844772646761152e-01
1.240483513684730588e-01
8.004270537535769503e-02
9.034044160511212063e-02
9.684106848531591483e-02
5.665994170644639283e-02
7.179856966779621374e-02
9.929567237911360311e-02
8.277806834516081291e-02
1.019757380809657860e-01
9.555915358970747120e-02
8.713548873343869572e-02
7.033359982063605575e-02
8.184960208532118808e-02
7.031269570279731485e-02
6.898043023447152089e-02
8.921914860943222503e-02
5.804331494020269211e-02
7.407182563149462828e-02
6.202049230600500257e-02
7.366966812814446097e-02
9.645136021646055768e-02
7.194065777275009121e-02
8.691535448480504356e-02
6.686986440440199908e-02
5.650153459090363067e-02
6.615885377336612472e-02
4.348761998012995456e-02
6.238771101948877018e-02
5.582465339518679487e-02
4.707628477872837641e-02
5.792864492845026247e-02
4.767752874235336308e-02
6.005093751474855496e-02
7.327383904436525486e-02
3.861226169700571892e-02
7.323130554319999541e-02
5.695480090643410126e-02
6.649988087350114374e-02
4.271832392657898270e-02
5.129772239954125818e-02
6.242315468975172948e-02
5.758989188480758553e-02
5.506371073447272751e-02
5.055680694186540786e-02
3.631754649216384356e-02
4.404924341742352117e-02
3.408570249650640094e-02
3.779745640652739519e-02
4.520709035603004411e-02
6.239912730486622122e-02
4.362018177935057112e-02
3.474849634770595802e-02
4.593760763050846324e-02
5.213652270398552724e-02
3.599780565946949368e-02
2.414029825534125262e-02
3.430876290674208379e-02
3.513192789473072730e-02
5.444952461061521726e-02
3.845825905258225264e-02
4.493529340595418115e-02
4.329211468839612442e-02
3.292255901124681999e-02
3.833683601059206109e-02
2.947210366325668518e-02
2.537958704753556782e-02
4.044699269974960654e-02
4.158288324857202511e-02
2.313229587694585337e-02
2.375916459966924410e-02
3.618319097137973755e-02
2.396141807278772545e-02
2.434847759663013797e-02
3.504488391612270437e-02
2.698567868696337413e-02
2.460098348827968046e-02
2.136952847876171999e-02
2.419220287454574084e-02
2.140583111533128288e-02
2.913017453366019763e-02
3.153507823408739641e-02
2.009372964164890182e-02
2.052131390316648193e-02
2.090113858508562544e-02
1.842180671707786821e-02
1.904974739985688947e-02
1.945713280643691229e-02
1.805986445035586210e-02
1.954152674284327998e-02
2.689739762984875993e-02
1.823396201365045863e-02
2.151148186605024784e-02
2.531455777731744100e-02
2.336831162381848223e-02
1.727764365453446360e-02
1.587410031651764059e-02
1.563121377129402662e-02
1.910879665786378162e-02
1.333395853016554680e-02
1.902811717648737397e-02
1.646432700344356917e-02
1.420049157424256407e-02
1.405158517806324309e-02
1.446577278123264802e-02
1.487623723158231978e-02
1.596790701531085321e-02
1.472925829811747196e-02
1.769785252806208020e-02
1.484168526711320338e-02
1.291964508465618354e-02
1.491441632850766877e-02
1.250994505826832914e-02
1.285309738597092792e-02
1.198219299883616570e-02
1.376288634265272065e-02
1.458462309476741235e-02
1.211164739979272986e-02
9.958963735707471870e-03
1.190167572082075596e-02
1.167095570399845871e-02
1.179389727725338455e-02
1.495586882688650955e-02
1.166597607794464184e-02
1.310902316121720021e-02
1.151389685013176276e-02
1.124986764553335787e-02
1.014312275999628386e-02
9.131986125677581112e-03
8.627324457939934688e-03
1.028032028026796066e-02
8.725827252019820179e-03
1.035598602949768833e-02
8.377973861235749747e-03
8.985642416768382240e-03
8.851275186864284925e-03
8.627561705974652606e-03
1.000921880318788627e-02
8.064881986251467086e-03
8.336255114159871540e-03
8.999995555498088717e-03
9.120615009049759525e-03
8.403591393686871483e-03
8.009173939632248385e-03
8.473098967929948086e-03
8.000524722543268449e-03
8.333015255910724076e-03
8.127468732776900462e-03
7.801563587016084253e-03
6.505570901817132705e-03
7.036606849625834034e-03
7.454770382683358412e-03
7.138397320228744881e-03
6.984110603654115380e-03
6.744008325509684432e-03
7.370406016609733907e-03
6.329313668457972608e-03
6.913701601506208952e-03
6.896469702448406423e-03
6.300801931504310290e-03
6.658374429342210112e-03
7.005413488408476254e-03
7.428705788029612775e-03
5.911130152559996437e-03
6.292048356369187370e-03
6.865620222145671012e-03
5.781311581622615436e-03
6.102429534902187140e-03
5.902218220165386664e-03
