7.616624617282254928e-01
3.651948346399966350e-01
3.396538373864727012e-01
3.157827490273816817e-01
3.511203108746328572e-01
3.115253334795987095e-01
3.136648411920041069e-01
2.954261064897348854e-01
3.097254628936449428e-01
2.796981809131893204e-01
2.861083815863103008e-01
2.816843481895364154e-01
2.834269979301793918e-01
2.691475912376686264e-01
2.674737183952037300e-01
2.963175170951419246e-01
2.895924200798258297e-01
2.582796694687854999e-01
2.735116915386400227e-01
2.567830131561668061e-01
2.265009838673803511e-01
2.763173040416505577e-01
2.367462567893075243e-01
2.671890908185346469e-01
2.715949794208561974e-01
2.545771701008449628e-01
2.523351475872375183e-01
2.412741921658133337e-01
2.309266503762315847e-01
2.403671115084930754e-01
2.480805183450381091e-01
2.260455070086467289e-01
2.262159046935446338e-01
2.104110745276197847e-01
2.466068643110769787e-01
2.141637530683735136e-01
2.202214891619888315e-01
2.151973379063017444e-01
2.128351671184286753e-01
2.048219118681218753e-01
2.172401425463181823e-01
2.013782990475495582e-01
1.991551190890647749e-01
2.119091257544947204e-01
2.072316622108588968e-01
1.940234165546702860e-01
1.883672351546493706e-01
1.854618872665328710e-01
2.229160941309399069e-01
1.905810119837154648e-01
2.100088042333538019e-01
1.925016105634930752e-01
1.874443173500490722e-01
2.008982456668659544e-01
1.907312764291778096e-01
1.911957772885575779e-01
1.845103495190908993e-01
1.956725303957491668e-01
1.911348032960553112e-01
1.991290258496631882e-01
2.048045665025711171e-01
1.893165593345959852e-01
1.995877275312388510e-01
1.946191497606995779e-01
1.982839763808397493e-01
1.850289323309689260e-01
1.763350168863932199e-01
1.895335262296376500e-01
1.812606158171906900e-01
1.747250972154699711e-01
1.795125596685173963e-01
1.827020684142171558e-01
1.776395018269986414e-01
1.784458552843626589e-01
1.720257846293626047e-01
1.724183643811646738e-01
1.734328024917178579e-01
1.869513586807398098e-01
1.805645685137054202e-01
1.780452262288258480e-01
1.724880282157733036e-01
1.705745821105845161e-01
1.799072119188897534e-01
1.710749912731073519e-01
1.741427745578097708e-01
1.663782318249160952e-01
1.712042658969208098e-01
1.753812415364347788e-01
1.706487727385980202e-01
1.672329952135498121e-01
1.611513481187967500e-01
1.758343179192807804e-01
1.617896003763616697e-01
1.723246655254452309e-01
1.603107720935418312e-01
1.576184758111650597e-01
1.771743142310484020e-01
1.582787785127207081e-01
1.748664431641867023e-01
1.731463482994356207e-01
1.674922796495166843e-01
1.599218301291083222e-01
1.598745952969715944e-01
1.588016534753051712e-01
1.496948239749964493e-01
1.667640896767010050e-01
1.690257852506122371e-01
1.520258899042267742e-01
1.663468111260437698e-01
1.578774072367835901e-01
1.477306735276439908e-01
1.537263938398272800e-01
1.488317768882822245e-01
1.508473043640454481e-01
1.513319287909033750e-01
1.513525577974908221e-01
1.522871479759981550e-01
1.513599332284044363e-01
1.538974023205630648e-01
1.482365595705715244e-01
1.442201850544891362e-01
1.483942716485924240e-01
1.445561191320051397e-01
1.569168148953237751e-01
1.551722172923662157e-01
1.538705737410504260e-01
1.515584640020941620e-01
1.412182741740971303e-01
1.441315410865677826e-01
1.517099881061801103e-01
1.466068030645449882e-01
1.461138505488634165e-01
1.413745121363504387e-01
1.470481803019841605e-01
1.355838709775312456e-01
1.442592227440557262e-01
1.387771023506367551e-01
1.349645759542415224e-01
1.364964512349278736e-01
1.320661916087071119e-01
1.317784356229283194e-01
1.358815047522017871e-01
1.249800767059679324e-01
1.259499158986188694e-01
1.236930636758053759e-01
1.269240392992893873e-01
1.172009823429915609e-01
1.206323960359081821e-01
1.096730615506753548e-01
1.065273342608117763e-01
1.230834087770846103e-01
1.042711227511366190e-01
1.135673946229580067e-01
1.052998644000862072e-01
1.030298812843767203e-01
1.137591277099685855e-01
1.171638021142118458e-01
1.051377205982988311e-01
1.042751569806793649e-01
1.015575542241150958e-01
9.945490411080327997e-02
1.026020892056418027e-01
1.052889708854993916e-01
9.687894716812872620e-02
1.118787909915417850e-01
1.012714904192605070e-01
9.411925212882550629e-02
9.352533255652006883e-02
9.248445603398629256e-02
8.996461183407608586e-02
8.846128696667743263e-02
9.651450996896550338e-02
9.011749204616119335e-02
9.683308604023890820e-02
8.576607367161799556e-02
8.839590542052906674e-02
9.059985438706698313e-02
8.733752891478807623e-02
1.053317577641365299e-01
8.156501302944013654e-02
8.568228059908214456e-02
7.005423505957249219e-02
7.981442798986847220e-02
7.982304071702844839e-02
7.535630010102910281e-02
7.002540992653388807e-02
8.092496399271853491e-02
9.991559715162572075e-02
8.526575365994860933e-02
8.235171387894768547e-02
8.052075565059635398e-02
7.149433715579410487e-02
6.213733087262184734e-02
7.248940520860933101e-02
6.196878347244044738e-02
6.342474836807619754e-02
6.296668535121428822e-02
4.811860110375736771e-02
6.230346520286179912e-02
5.672494782821884546e-02
6.828810930123443979e-02
5.600797326040287544e-02
5.630205962106292483e-02
4.896585302374233811e-02
4.119601714019491268e-02
5.737346736092643895e-02
4.331642313968867702e-02
5.860508341388202119e-02
4.007579662020024913e-02
4.194756387857782182e-02
3.467069947511822875e-02
4.000649073828237146e-02
4.004552820841149330e-02
5.831290418003688691e-02
5.109541905337131040e-02
3.886361572302929335e-02
4.639286577671386524e-02
4.694164737585298369e-02
4.921115239519650159e-02
4.037496352063982274e-02
4.900692762503577188e-02
3.997207398058912758e-02
3.710856072637532671e-02
3.321555980401620645e-02
3.692184918751238720e-02
3.860033087083497572e-02
2.887958327216134935e-02
3.282926005917101431e-02
3.287097050942750648e-02
3.732395490575229902e-02
3.415102370890514549e-02
3.120735207271480363e-02
2.988749666143615535e-02
3.239278127834557125e-02
2.929857637936049766e-02
2.840135118547348556e-02
3.133355452205531522e-02
2.379190820327853687e-02
2.212374665285568587e-02
3.196022347142894043e-02
2.344734486200818549e-02
2.507984132915921927e-02
2.572394259745416217e-02
2.436350296096704421e-02
2.137076541349179626e-02
2.073744442902723112e-02
2.269446597759124107e-02
2.204210337966983763e-02
2.027767735356817216e-02
2.227043710147062414e-02
2.809356062816395494e-02
2.002108200717491598e-02
2.077194632990012751e-02
2.326947480953409086e-02
1.742357548892520952e-02
1.914244845340565271e-02
1.602515860802129766e-02
1.849945814828970331e-02
1.726434815648162160e-02
1.922406674985487063e-02
2.114398322001413699e-02
1.851241969508672300e-02
1.707963922188939290e-02
1.581438233438404312e-02
1.803349082829187530e-02
1.471391038449601854e-02
1.701063585256903238e-02
1.550539402734203709e-02
1.627805298308144383e-02
1.555143493019667082e-02
1.562331786867336009e-02
1.323342277656918732e-02
1.583313207074415682e-02
1.501632766197378080e-02
1.450659791838534302e-02
1.426736589128268021e-02
1.487416904835557954e-02
1.390067955937501071e-02
1.331800103390030215e-02
1.302347866817455541e-02
1.341266413938784451e-02
1.409500256225407026e-02
1.412997869749547768e-02
1.368997890409603090e-02
1.394756217762924133e-02
1.210858725113930778e-02
1.376750785872260519e-02
1.519725994271370687e-02
1.187209430378667781e-02
1.296713359227362992e-02
1.280373183857097356e-02
1.325636519033403932e-02
1.275072336145428691e-02
1.351023659408383606e-02
1.275771172765675053e-02
1.284285009174642236e-02
1.255003324182595199e-02
1.319341810835513926e-02
1.207779010978867265e-02
1.230033718912850078e-02
