5.345765861573364454e-03
1.711266538887112193e-02
2.121174242922369349e-02
2.507413746674119759e-02
2.995396605980249136e-02
3.382836737106612035e-02
3.760659328581374139e-02
4.226833600550890246e-02
4.502875680494823618e-02
4.964109087523854713e-02
5.090731344197267638e-02
5.510454933492489604e-02
6.277442882182421302e-02
6.518946569642902755e-02
6.833651746496742507e-02
7.090503018763330556e-02
7.338770504259033156e-02
8.100990867817108032e-02
7.970896153998227596e-02
8.144172344034836253e-02
8.139981770956958296e-02
8.991686479636916418e-02
9.812791999659420394e-02
9.586177932811372482e-02
1.045272262100084282e-01
1.083263760915508939e-01
1.053401587002071316e-01
1.096106545056825810e-01
1.096742346422907716e-01
1.164771429826448046e-01
1.109637107102223325e-01
1.063560486667686072e-01
1.068767844802803457e-01
1.029805549500901057e-01
1.004607237599514091e-01
1.083590011629793348e-01
9.959398052758640374e-02
9.841162050027905950e-02
9.966612383723258417e-02
1.018152104759657839e-01
9.925576767159832725e-02
1.002050928035636002e-01
9.660331112919030849e-02
9.977610340272938250e-02
9.242689558017401497e-02
9.564039109757653534e-02
1.004509054124355372e-01
9.678985970439733799e-02
9.834625744893227273e-02
9.288632959863285521e-02
9.574114771352873476e-02
9.601259906258848009e-02
8.805267111754712384e-02
9.655940625586627302e-02
9.486093419937439986e-02
9.420999738813182200e-02
9.752727230021983329e-02
9.391672825555742732e-02
9.415699740250906002e-02
9.337846768307096756e-02
9.687616644818106137e-02
9.362451172905203456e-02
9.856167046560181111e-02
9.747294489248299609e-02
9.774600544277532721e-02
9.628447490617816906e-02
9.441039995462806311e-02
9.561403265429867238e-02
9.343832460818467245e-02
9.428916947893153933e-02
9.293277512913868110e-02
9.234442835972632435e-02
9.361041909382666892e-02
9.526551089904926328e-02
9.419649473310988397e-02
9.519431938727697384e-02
9.295986853080030754e-02
9.330403706357802418e-02
9.389914123364437315e-02
9.203592608740300551e-02
9.439086771489661742e-02
9.741589803202652109e-02
9.251189368926449053e-02
9.077678159983069983e-02
9.333908594684836579e-02
9.610272829915270099e-02
9.655728250006098690e-02
9.088141515299126560e-02
9.128729110514675893e-02
9.740506220195029041e-02
9.067816300156675280e-02
9.335828250573005582e-02
9.050348979639417923e-02
8.929463268062215464e-02
9.538165700656396628e-02
9.136789482500817794e-02
9.060166370537546532e-02
9.508632255925072996e-02
9.368187406640729464e-02
9.373635016841652678e-02
9.638627507252457705e-02
9.835452395548791027e-02
9.602772692839305069e-02
9.573899141432326565e-02
9.493100965096626376e-02
9.165444610479436816e-02
9.125739983570428648e-02
8.971346061170837327e-02
9.716882559436339217e-02
9.187006672591338519e-02
9.404813386959794130e-02
9.564617452798065966e-02
9.227815341250396319e-02
9.331128330510339575e-02
9.352620863068250578e-02
9.217422189719882974e-02
9.318734725684295339e-02
9.271168077801481000e-02
9.425579268991211845e-02
9.523579049625514881e-02
9.468362734273627623e-02
9.306052381885640545e-02
9.688239884045389549e-02
9.140188184877236222e-02
9.266922767331570165e-02
9.657947999643690107e-02
8.907280590983084057e-02
8.868021348744263566e-02
8.899769806935463323e-02
9.068049769158716134e-02
9.144667604087311497e-02
9.209083076796413525e-02
9.184004831829188642e-02
9.072118048774607812e-02
9.293147804744449070e-02
9.216308532121740560e-02
9.233338770307140952e-02
8.874144023399294090e-02
8.965687191596737049e-02
8.856814644402927206e-02
8.456980666536607905e-02
8.608537542599219161e-02
7.696776434227271813e-02
7.348838425528855800e-02
7.241286624360968038e-02
6.567858565184804542e-02
6.633085488905141047e-02
6.668512503398053848e-02
6.317282619391693943e-02
5.895078468285960827e-02
6.205369430467670006e-02
6.106188977022229680e-02
6.166255848919167948e-02
5.885261437039316507e-02
5.657089922899081330e-02
5.682013560500409621e-02
5.779843167114404739e-02
5.530956499968413959e-02
5.878110159832386494e-02
5.419330601982864232e-02
5.880331614595136341e-02
5.307935855270903835e-02
5.408542284994949378e-02
5.177902428916206917e-02
5.241823452812285900e-02
5.736383846328581976e-02
5.034774076653483754e-02
4.853828377837752367e-02
4.807047336879703703e-02
4.617227823416024390e-02
5.013758778618073592e-02
4.988273429097952322e-02
4.747168040707891445e-02
4.812814738187524977e-02
4.311297686287650366e-02
4.337003574833089847e-02
4.464100509835981778e-02
4.108164803596374426e-02
4.176277448825629901e-02
3.855925360809505514e-02
3.951083578077363434e-02
3.428812963014215426e-02
3.466226523972035928e-02
3.203706531153049236e-02
3.193114260096609203e-02
2.906971418954155950e-02
2.708951356636797245e-02
2.934506311150336666e-02
2.850786188134440610e-02
2.495457788377448277e-02
2.607817804716803384e-02
2.422531657840734653e-02
2.008798528566128547e-02
2.217873723913030282e-02
1.960058601222426297e-02
1.894208929058808361e-02
1.730904057880656641e-02
1.556191519966326070e-02
1.604400870597197035e-02
1.579199423869772842e-02
1.621492928394150865e-02
1.487436887871382112e-02
1.395433137989545574e-02
1.367386352805489806e-02
1.266340037986038274e-02
1.404821057085315836e-02
1.225053662072039286e-02
1.332298140832004554e-02
1.062656474906238310e-02
1.119265894514773034e-02
1.023299242068013114e-02
1.108521227114029131e-02
1.133983224949420068e-02
1.125068047046546421e-02
1.104118911251943114e-02
9.623139191499371220e-03
1.055974355506434682e-02
1.037490368219966264e-02
9.435631914774277040e-03
8.839981711216639629e-03
9.386851062371545304e-03
8.821046944020638492e-03
7.849668675852525604e-03
8.029826292710632099e-03
8.409776401930246781e-03
8.448658626092552318e-03
7.107118136798503023e-03
7.238869320164308466e-03
7.580332434233162837e-03
8.231596957912300574e-03
7.626036781512982900e-03
6.840817807860281180e-03
6.747579250885690771e-03
6.292522926692689644e-03
6.716336491287766379e-03
6.423015205798969680e-03
6.575200991937890996e-03
5.559837762884404719e-03
5.812703589707567293e-03
6.527718310395290262e-03
5.392785999100414146e-03
5.210859406046730070e-03
5.486892908092956024e-03
4.950372082106539208e-03
4.806046899807650714e-03
4.358774931479050298e-03
4.723218964365379600e-03
4.307862190403227882e-03
4.254611944176118522e-03
4.870194131307258034e-03
4.967791652795571118e-03
4.452352799341531032e-03
4.520247973549110926e-03
4.537821022892819627e-03
4.198531641547257297e-03
3.726738711019954992e-03
3.731476618005767718e-03
4.095953815928545481e-03
3.971532416669364650e-03
3.578469446855941927e-03
3.647232077150594325e-03
3.818820448690036628e-03
3.587637063695037383e-03
3.191500930920427442e-03
3.293137970620501741e-03
3.389539951595110009e-03
3.189689946866789728e-03
3.386125785843354177e-03
3.214105056134558460e-03
3.058396678192995370e-03
3.124518390675937521e-03
3.126051066871617535e-03
2.867310732476597256e-03
2.785954781970365838e-03
3.074876064855754706e-03
2.672572424426893165e-03
2.938891504747494134e-03
2.783455898199103853e-03
2.970027408194670857e-03
2.734478801721707073e-03
2.912414515998938778e-03
2.693244226256753370e-03
2.686515509008636886e-03
2.867446397682709303e-03
2.818765856554145306e-03
2.767810121215995029e-03
2.519598043898126083e-03
2.478079672365299940e-03
2.616566535154426706e-03
2.619049790025010285e-03
2.685860435968483520e-03
2.405399999029382563e-03
2.650797296923378121e-03
2.543844614231119492e-03
2.443287999083196098e-03
2.422529296269697666e-03
2.555938731421957943e-03
2.350332028840461385e-03
2.473734664503646121e-03
2.622912491148590795e-03
