7.131458612871758307e-01
3.673137865316720707e-01
3.430063053781603477e-01
3.186220080396275356e-01
3.564474776939109413e-01
3.173228894486839202e-01
3.188929559088047871e-01
2.987467166082358738e-01
3.174902674040676609e-01
2.833848457461521919e-01
2.910482234425014747e-01
2.895301648496109714e-01
2.890662551846033268e-01
2.757787920442628105e-01
2.732268655005796187e-01
3.022489827172255561e-01
2.968447873621811173e-01
2.628098336082917430e-01
2.800389382758258217e-01
2.633226967520184147e-01
2.317152371009190970e-01
2.793951436693285495e-01
2.425737929564935058e-01
2.745360211273770168e-01
2.790504972875854084e-01
2.610600135208647754e-01
2.596861952156932496e-01
2.484511700401335621e-01
2.369869614824836601e-01
2.471145073572794670e-01
2.559478006889054913e-01
2.323122799212549994e-01
2.316750897025620370e-01
2.158982695160824583e-01
2.538550005926761832e-01
2.195877166349946841e-01
2.259587384944344857e-01
2.202780922161944044e-01
2.178427370334113100e-01
2.097586171678554878e-01
2.224931801266876175e-01
2.066881873817355553e-01
2.038877421231181652e-01
2.167056606507595795e-01
2.129894237735389106e-01
1.988400148388780320e-01
1.935158860996181451e-01
1.897438494787540009e-01
2.281838893062538565e-01
1.955622575993155310e-01
2.160204637841677822e-01
1.975918187771314449e-01
1.929147298597259363e-01
2.063384584254688570e-01
1.949947046276963858e-01
1.955557650989956375e-01
1.890379460965409819e-01
2.006739597077722981e-01
1.959180235678766868e-01
2.040301331215434721e-01
2.102480097409383797e-01
1.938652030847690666e-01
2.043112213780850506e-01
2.002090048734788408e-01
2.040011210941974074e-01
1.899043530685666226e-01
1.813043331106503897e-01
1.943884362041214398e-01
1.859791535010308361e-01
1.788110006554627096e-01
1.839579606129799483e-01
1.875547198417746031e-01
1.818551290366384743e-01
1.830426472664615223e-01
1.761021535429689588e-01
1.767841984368400676e-01
1.779542169775124028e-01
1.918795358251642325e-01
1.851283598231312777e-01
1.823095562925309276e-01
1.763774618828370111e-01
1.746675703352616182e-01
1.839313193695780724e-01
1.758020814278243582e-01
1.785070931607926348e-01
1.708575770902780733e-01
1.757431880743415276e-01
1.794521742120936958e-01
1.747752539813518524e-01
1.712675787232540159e-01
1.651023444524149786e-01
1.805494828770558002e-01
1.664064155040699822e-01
1.761479737995951256e-01
1.645431575353866749e-01
1.618549260184352911e-01
1.822107329872655335e-01
1.621862584885991609e-01
1.793321489965842008e-01
1.776221195672765263e-01
1.716012438966168230e-01
1.640232444131447809e-01
1.640429184116699024e-01
1.627899051862366497e-01
1.536777554194868334e-01
1.708990927831626205e-01
1.729906752015705484e-01
1.558271351695796614e-01
1.702514839761051224e-01
1.622745729798887870e-01
1.513534352689245577e-01
1.577601658249342953e-01
1.521804456909497671e-01
1.547420460270878817e-01
1.548892401802687002e-01
1.554085651159654302e-01
1.560198198176092621e-01
1.554560981047006241e-01
1.578025471465087093e-01
1.518426913906026632e-01
1.480766720885847709e-01
1.525636746881552652e-01
1.481469405516062376e-01
1.608181800049396093e-01
1.592319854247717104e-01
1.578149430683733478e-01
1.554288261512547231e-01
1.449806919896308166e-01
1.476297323442535558e-01
1.558511475813977587e-01
1.503724575916558226e-01
1.500236967831482249e-01
1.447876156572206474e-01
1.509455332371555658e-01
1.392386737107126904e-01
1.479222931013798870e-01
1.425889913360645633e-01
1.382975566534348499e-01
1.397369410106797383e-01
1.352755337999558827e-01
1.350153070840018898e-01
1.391519115731855993e-01
1.278972595148248348e-01
1.291454219201832732e-01
1.266597987279111936e-01
1.302348937517331107e-01
1.199478323398916746e-01
1.229626638837802571e-01
1.124354261606011901e-01
1.090830959172712500e-01
1.255716693840553122e-01
1.067203560108203886e-01
1.163472064207365514e-01
1.075834512020702738e-01
1.051509884726486155e-01
1.165767285558912542e-01
1.196946121223362858e-01
1.075365863763439733e-01
1.069098723362441467e-01
1.043315908618639293e-01
1.017287142689765195e-01
1.050053241789156988e-01
1.081359724870618461e-01
9.922371021713372041e-02
1.144694162348722233e-01
1.032464274561699508e-01
9.605850100195334473e-02
9.571199408088477967e-02
9.444610806710926343e-02
9.189992961071340172e-02
9.021848319385798731e-02
9.837341639040797503e-02
9.241972090791404637e-02
9.906190247447402286e-02
8.779693922821293905e-02
9.093764129060286083e-02
9.312926082423439444e-02
8.950197940726799251e-02
1.090960253978631028e-01
8.419702090610416134e-02
8.843425525133900844e-02
7.233352712671743678e-02
8.271661030163091066e-02
8.260427086619821779e-02
7.791219112566775962e-02
7.240804460641273033e-02
8.316229895141009909e-02
1.023878776314553346e-01
8.791433035275313113e-02
8.525091388455396935e-02
8.318790641302863109e-02
7.358492841975718124e-02
6.392943732602877904e-02
7.469322621336574319e-02
6.367488496891585137e-02
6.640843825724139504e-02
6.672081191015119539e-02
5.056990100560209561e-02
6.560860329245096767e-02
5.968276051772804236e-02
7.102166164514067681e-02
5.827382015582478758e-02
5.864926131128155029e-02
5.087914527519634550e-02
4.279372013967346067e-02
5.959484909627339733e-02
4.489439755491696910e-02
6.058936223526410758e-02
4.112503026949132501e-02
4.302885564143645730e-02
3.580596038881606047e-02
4.109559884229473797e-02
4.123728986938030028e-02
5.966055448433631170e-02
5.254459975639079461e-02
3.975497436753537561e-02
4.786771130189371171e-02
4.808274278222126469e-02
5.064927680846548208e-02
4.158464610951386614e-02
5.023990027491688493e-02
4.131870611736415677e-02
3.839291240659759713e-02
3.408163086275669412e-02
3.767811965273138580e-02
3.937276538351319050e-02
2.954947928920313369e-02
3.377422173405109085e-02
3.372321323965737916e-02
3.845551058393651550e-02
3.497187071835570343e-02
3.218889683833558307e-02
3.084592403381212003e-02
3.325231338663955233e-02
3.001778540472761769e-02
2.909594020738164380e-02
3.209535850428101023e-02
2.436132776815218628e-02
2.258576620185106729e-02
3.289014566489416314e-02
2.409970859224824791e-02
2.589624266794639945e-02
2.657127969377828108e-02
2.507060668627044547e-02
2.194608553262595435e-02
2.131200737485526922e-02
2.349360725862357710e-02
2.272849997690049376e-02
2.075841474986561686e-02
2.280271522030500111e-02
2.884030272532218594e-02
2.060033513985273790e-02
2.136393205831682574e-02
2.395842739185612830e-02
1.791131196278226284e-02
1.965991659471686206e-02
1.642415011902127742e-02
1.902474496819644631e-02
1.773241455506380237e-02
1.975130956911196056e-02
2.165521390632443172e-02
1.892952372061385349e-02
1.751648244643109684e-02
1.615777530300594247e-02
1.847534458353532541e-02
1.512357625391881795e-02
1.747182528475762359e-02
1.590668886427370338e-02
1.672493305393822627e-02
1.596458164992473408e-02
1.611611310221139001e-02
1.365241500481019672e-02
1.632144409159531212e-02
1.545952830347232555e-02
1.493450196144687804e-02
1.462284956530906371e-02
1.533935155717632351e-02
1.437328330117272797e-02
1.371252030630672886e-02
1.335802138422608268e-02
1.382983906940038997e-02
1.458428485358452195e-02
1.458979481970424340e-02
1.412848990038594217e-02
1.434550028591471439e-02
1.246549549855163926e-02
1.420220649411302154e-02
1.565593287079626583e-02
1.223876307619466836e-02
1.331141385840673222e-02
1.322573986559111639e-02
1.368872570738061296e-02
1.319553885094384461e-02
1.391225365079191284e-02
1.319889110368141147e-02
1.326902627652650456e-02
1.291524241525936027e-02
1.362709631923033488e-02
1.247588277603179849e-02
1.273354476516819211e-02
