7.054223204836432837e-01
3.633195856103190735e-01
3.391855328171341499e-01
3.149626981696964645e-01
3.523371949975873108e-01
3.135310693471520249e-01
3.150041759382059547e-01
2.949470891996666122e-01
3.134924383994973640e-01
2.795950421948491527e-01
2.871689930926134560e-01
2.856112303925149032e-01
2.849764972557256026e-01
2.717835263153652869e-01
2.691853977463863345e-01
2.978677075954130893e-01
2.924811089664329788e-01
2.586068396031120931e-01
2.757096433161217441e-01
2.591260326865278407e-01
2.278222306459038449e-01
2.748336324169312062e-01
2.382437724390147615e-01
2.699468949326762623e-01
2.742440037613297910e-01
2.563477150268024807e-01
2.550560402281490391e-01
2.438462145626544841e-01
2.324842105861063268e-01
2.423812938877094036e-01
2.512477209998501548e-01
2.279247036410702587e-01
2.272753947862872492e-01
2.117345481329126200e-01
2.493797171630977028e-01
2.152788990211707554e-01
2.217646439318303742e-01
2.161578869194160368e-01
2.137210622613812672e-01
2.056740942468613664e-01
2.183356630949326582e-01
2.026703026743582603e-01
1.999641250037116902e-01
2.125910471158999060e-01
2.090685695593739735e-01
1.949869723783599074e-01
1.896231958159693975e-01
1.859534330068179087e-01
2.239878035897825970e-01
1.917987210331139614e-01
2.120055532105910856e-01
1.937465507031223000e-01
1.892792333423355400e-01
2.023982877440658745e-01
1.911901732515773611e-01
1.917596071636603339e-01
1.852422973715964760e-01
1.968388999041951748e-01
1.921235351926750545e-01
2.001712739007708575e-01
2.062624411634456922e-01
1.900995478585914278e-01
2.003441114852457794e-01
1.963133537658938721e-01
2.000633617058212299e-01
1.861283740465655701e-01
1.776527746086135340e-01
1.905808203474239071e-01
1.822977808108668385e-01
1.751779669780789972e-01
1.803041793497992262e-01
1.838808102142295842e-01
1.782065258533866436e-01
1.793528788481597580e-01
1.724979657587813742e-01
1.731561284466290318e-01
1.743606914386705009e-01
1.881439408678331482e-01
1.814447311247572581e-01
1.786883854203754063e-01
1.727647642386548332e-01
1.710135063915340925e-01
1.802820100414532223e-01
1.722757964406484432e-01
1.748988834796128544e-01
1.672717403482507914e-01
1.720999994855604009e-01
1.758807336704598656e-01
1.712430202114729183e-01
1.676471477811351252e-01
1.616772675955737149e-01
1.769239736192020351e-01
1.629784495834215308e-01
1.726388346403837093e-01
1.610324159264564514e-01
1.584513831515738935e-01
1.786269564411522293e-01
1.587017440915475530e-01
1.757098470205142038e-01
1.740159289060551340e-01
1.679985958484955799e-01
1.604569354680953075e-01
1.605236181414421703e-01
1.592871089362435932e-01
1.502821870700076778e-01
1.673983630574779613e-01
1.694752692164462338e-01
1.525126067484602610e-01
1.666446393608679022e-01
1.588583975478454757e-01
1.479951663701622455e-01
1.543099785936467572e-01
1.488465646902720207e-01
1.513673475403108648e-01
1.515053971222153351e-01
1.520515548364247682e-01
1.526332010089615221e-01
1.520882654153270508e-01
1.543784573260280901e-01
1.484556092432251784e-01
1.447407978828306463e-01
1.492185217684801612e-01
1.447637319978740400e-01
1.574209740822329895e-01
1.558268784326903578e-01
1.543446479112277891e-01
1.521317855374496597e-01
1.417949050411949907e-01
1.444084622149850172e-01
1.525204377915756193e-01
1.470774556797595778e-01
1.467207416340156889e-01
1.415370699616126104e-01
1.476606277495990660e-01
1.360242052072728192e-01
1.446364392790897291e-01
1.393545522550005966e-01
1.351730826828214937e-01
1.365788391848773153e-01
1.321835092234390774e-01
1.320061269066767906e-01
1.360713892512851186e-01
1.251081038634350162e-01
1.264161550014475111e-01
1.239746111502618015e-01
1.276520816701245953e-01
1.174492052652769680e-01
1.204226371751707242e-01
1.100752387425781714e-01
1.068388069807379298e-01
1.230997609089554135e-01
1.044564068432391468e-01
1.139782812699307590e-01
1.053534002997625063e-01
1.029892717143175845e-01
1.143027345523422167e-01
1.173670053666020646e-01
1.053790180725447945e-01
1.046914985081479899e-01
1.022321490007510186e-01
9.955809892005758333e-02
1.029177159887313120e-01
1.060013742450578722e-01
9.721934016518019028e-02
1.123022639491583763e-01
1.010864359821066483e-01
9.411035382223349732e-02
9.380597512260722970e-02
9.255985375033852491e-02
9.007683787724854452e-02
8.833111874057830715e-02
9.641061645507076339e-02
9.056911289599942072e-02
9.713100870312363355e-02
8.607701893527934522e-02
8.918628184078836174e-02
9.133044212458678313e-02
8.780697073419520271e-02
1.072074523437078347e-01
8.261018571052930470e-02
8.678721574215608747e-02
7.094722236420407391e-02
8.122522001568642513e-02
8.116529919120862857e-02
7.652000555377683200e-02
7.112639615783629410e-02
8.181125895582989915e-02
1.008018201350717319e-01
8.649151546156240433e-02
8.392830493631427136e-02
8.186113537981945520e-02
7.238547868802454321e-02
6.290630470382130301e-02
7.352475734042394906e-02
6.266318500199337393e-02
6.539534933090405955e-02
6.574496430478542208e-02
4.977747657087295413e-02
6.466468850455756034e-02
5.879967139525781733e-02
7.001448190592468590e-02
5.741625290427265077e-02
5.780715387907234271e-02
5.011600970375397479e-02
4.212849201238570707e-02
5.874014983821752162e-02
4.421622239839771706e-02
5.973685155381925488e-02
4.051174088508784771e-02
4.238552664660627523e-02
3.525459360344591203e-02
4.047382969028721911e-02
4.061003795278439465e-02
5.885241217239340489e-02
5.181282201214523764e-02
3.917387533720214504e-02
4.719258754291028729e-02
4.740582817102233226e-02
4.996845263348752980e-02
4.100409684660356185e-02
4.956209399069286953e-02
4.074256457426127936e-02
3.786483332526215800e-02
3.358887860597378067e-02
3.714070578755553770e-02
3.881778881246802926e-02
2.911854103327237223e-02
3.330115176762279972e-02
3.324289695625833041e-02
3.791763907211134071e-02
3.447783974740031843e-02
3.174000700859728324e-02
3.041209753958097270e-02
3.280253505592869295e-02
2.959047300953247112e-02
2.868346625172430928e-02
3.165051921703392751e-02
2.401221183623240482e-02
2.224827480971680940e-02
3.243998904888738266e-02
2.375737963291747398e-02
2.554122710269574048e-02
2.620430233672564613e-02
2.472796409086713831e-02
2.163625687055712246e-02
2.101745739634713547e-02
2.317219814541641998e-02
2.242192172323282523e-02
2.047054564990290204e-02
2.248260702757379562e-02
2.846001117183653839e-02
2.031107729519674235e-02
2.106580763147464230e-02
2.363497618048931298e-02
1.765310556147147575e-02
1.939395732702389047e-02
1.618926894025881497e-02
1.875783125534427262e-02
1.748034041154397297e-02
1.948749945770234318e-02
2.137082937565369309e-02
1.866802300552350413e-02
1.727393323965287913e-02
1.593580150425780509e-02
1.822914698547978274e-02
1.490864623105782154e-02
1.723792517907974178e-02
1.568391240913497020e-02
1.649787048039640450e-02
1.574789934028457405e-02
1.589738956931852770e-02
1.345755983436250879e-02
1.610576669417814258e-02
1.525364598706846139e-02
1.472793847876155415e-02
1.442672441504485280e-02
1.513183198774551048e-02
1.417860737029839543e-02
1.351993961420871679e-02
1.317309698094313794e-02
1.363746412993081109e-02
1.438946987595786375e-02
1.439476466921967013e-02
1.393424128661008288e-02
1.414964927760503297e-02
1.228905349909590293e-02
1.401413940261759562e-02
1.545439863869960649e-02
1.206771076203612750e-02
1.312936154881978734e-02
1.304398539039224730e-02
1.350805405987714862e-02
1.301501567878504857e-02
1.372627438380462708e-02
1.302244825317442831e-02
1.309214719842404645e-02
1.273862327264474979e-02
1.344815544144683031e-02
1.230563023159503971e-02
1.255808310583862546e-02
