2.230066024521250689e+00
2.408226530051525760e+00
2.444462449462325271e+00
2.449060892175745074e+00
2.431854767269558515e+00
2.406751182932912680e+00
2.420086702888394559e+00
2.411868241981223626e+00
2.426292334073855361e+00
2.404790213078628280e+00
2.383855521237408848e+00
2.395453371825041700e+00
2.414686347231453034e+00
2.368553870989952514e+00
2.369612759130972357e+00
2.356856733486976108e+00
2.359680225819717148e+00
2.368810686064354964e+00
2.366599938898910516e+00
2.343120379506805850e+00
2.307901463096524441e+00
2.302252017127143002e+00
2.296694914499918472e+00
2.293368125256197043e+00
2.315259456045833719e+00
2.302494564762822105e+00
2.311149847360304932e+00
2.326766658712316360e+00
2.302061256361596531e+00
2.277129524136766836e+00
2.311486471435169943e+00
2.290881728537288886e+00
2.276602420689147088e+00
2.286498921594501965e+00
2.262398015128241457e+00
2.260812585147810694e+00
2.262224711312188052e+00
2.244391110502643283e+00
2.235878187344398249e+00
2.228041735990547778e+00
2.209590061799979299e+00
2.214297395282321723e+00
2.196767321339359924e+00
2.189192744831979898e+00
2.153286911528787595e+00
2.148206573651160856e+00
2.147412826396800867e+00
2.133051590860625790e+00
2.128248707453409772e+00
2.118329704838034733e+00
2.132737393438079998e+00
2.134568212356096506e+00
2.138588713422233667e+00
2.154629639637323013e+00
2.133332968346866476e+00
2.141628959443834024e+00
2.126424622830049405e+00
2.133073654292542365e+00
2.128484334474728623e+00
2.136664176870275433e+00
2.143156484321311783e+00
2.146749877340999646e+00
2.153747655727245025e+00
2.143934967488418497e+00
2.123226022425992898e+00
2.111613504091898630e+00
2.107063042087319538e+00
2.115691134370403681e+00
2.147727943349767799e+00
2.130717888584843234e+00
2.113588022891386142e+00
2.098364791752379777e+00
2.086375362490430430e+00
2.090797661263265717e+00
2.124762923629195388e+00
2.123222609508184533e+00
2.140884710241246935e+00
2.124447327189975532e+00
2.115562370971397321e+00
2.093951269726694431e+00
2.088923136981917228e+00
2.121044743502581653e+00
2.102889631412647287e+00
2.098648292635693746e+00
2.104897157645519989e+00
2.094486391691514182e+00
2.102458080538996743e+00
2.064523700137197437e+00
2.073008130509176539e+00
2.088338548460124233e+00
2.076713547000178739e+00
2.089018406985718723e+00
2.110820696383346906e+00
2.135446073979507364e+00
2.113007893091366718e+00
2.103084420569149238e+00
2.115237101213431448e+00
2.090418709648980133e+00
2.102865895812894070e+00
2.119396914081808969e+00
2.130371278009297153e+00
2.134529793115309548e+00
2.136469570795695105e+00
2.106458735760347256e+00
2.125949917899237818e+00
2.132860087759700818e+00
2.123859676902676963e+00
2.129773689788065028e+00
2.143045751548107614e+00
2.136953055711440008e+00
2.131784281907258105e+00
2.121823427117901062e+00
2.156085082631052252e+00
2.152151076587629941e+00
2.161896499292350171e+00
2.190119586756199777e+00
2.160491799719539863e+00
2.163133539682553064e+00
2.164849556816948795e+00
2.155832292121133698e+00
2.134157213752652549e+00
2.133025850484400632e+00
2.139750817086961465e+00
2.151082419466089135e+00
2.121497328193099552e+00
2.135563480412518533e+00
2.146273183822631658e+00
2.130656469015427490e+00
2.140824354136431573e+00
2.122999855324073870e+00
2.146334328180477868e+00
2.130869014763537628e+00
2.118767713617395465e+00
2.122252463117058063e+00
2.134340683913525272e+00
2.143610250508343640e+00
2.144652144114176373e+00
2.148226864249617840e+00
2.132997921661094587e+00
2.146866509943832657e+00
2.141779610257089850e+00
2.146590379726739606e+00
2.143714216903403802e+00
2.122769135604670065e+00
2.128683095508151712e+00
2.115320501209776882e+00
2.107989242047439316e+00
2.101444473678683256e+00
2.120734545330942300e+00
2.112832536226437519e+00
2.130739884317657040e+00
2.148103465562985370e+00
2.162811391736254141e+00
2.133432458359518336e+00
2.176992411083645163e+00
2.176982780444769006e+00
2.175014471713407449e+00
2.171502787978560889e+00
2.182883796279813104e+00
2.211561077023729727e+00
2.216802518161726798e+00
2.190973486723723163e+00
2.197263178707640652e+00
2.188899885283575930e+00
2.200117057635460505e+00
2.190833930027337839e+00
2.187813959592654456e+00
2.199125350551840885e+00
2.198629374562957928e+00
2.195772435930040345e+00
2.197828802061669418e+00
2.199388119615154569e+00
2.187632938078892142e+00
2.195929506089952188e+00
2.199344632655014120e+00
2.231632988541214502e+00
2.222940546200599332e+00
2.203235044008419852e+00
2.226529087843718280e+00
2.221855139438016824e+00
2.239770974641964951e+00
2.233498370205914352e+00
2.229294997085759622e+00
2.243411800007761414e+00
2.239883429915816571e+00
2.244724702835083185e+00
2.248757098044878333e+00
2.231969577883496481e+00
2.222193499553350549e+00
2.237228623142948791e+00
2.233612112351405887e+00
2.244009298748440351e+00
2.230139943111089984e+00
2.243077963369863870e+00
2.252025138007269778e+00
2.263406775910177249e+00
2.259544914151415451e+00
2.270324517473762516e+00
2.273383566773968134e+00
2.268833160400390625e+00
2.255997852042869400e+00
2.252515096428953534e+00
2.250903498096230582e+00
2.260068337711287345e+00
2.255382534309669840e+00
2.263111896868105433e+00
2.269275211993559083e+00
2.271268801041591345e+00
2.253674055617532535e+00
2.276048826876981845e+00
2.274302689823103574e+00
2.274655764779927036e+00
2.279016184512479892e+00
2.288571525503087845e+00
2.279412814128546128e+00
2.261622403580465512e+00
2.267296748102447079e+00
2.264513054600468589e+00
2.274256508438675439e+00
2.281853680551788166e+00
2.286597685755034970e+00
2.263321545094619580e+00
2.275601842079633563e+00
2.285317923110208316e+00
2.297041635748780841e+00
2.287347326749636700e+00
2.280266980771665342e+00
2.286863306422292297e+00
2.285102302645459549e+00
2.279328618814915774e+00
2.271818508925261160e+00
2.263149687095924456e+00
2.290179648222746778e+00
2.281478593378891251e+00
2.275253391854556995e+00
2.274540401976785642e+00
2.285568943141419229e+00
2.269924031363593109e+00
2.291833712142191004e+00
2.279471600497210648e+00
2.279849744726110572e+00
2.278680713677112113e+00
2.285365721031471509e+00
2.281234850118189605e+00
2.292385095431480835e+00
2.293795434928234567e+00
2.299081822972238953e+00
2.287984441239157007e+00
2.297063264729064080e+00
2.288444945841659806e+00
2.296644841888804578e+00
2.296040529674953756e+00
2.292959696569560446e+00
2.286376778284708866e+00
2.286910727583332026e+00
2.295821508949185574e+00
2.297894975874159140e+00
2.298008179958955566e+00
2.306875500266934775e+00
2.309490433445683166e+00
2.299168850463113589e+00
2.302601163769945725e+00
2.308212907225997146e+00
2.305319323363127726e+00
2.301187203254228653e+00
2.300434157289104498e+00
2.300099305753354528e+00
2.305881517316088480e+00
2.304192779093612753e+00
2.301127633342036294e+00
2.299818246747240558e+00
2.302439497723991479e+00
2.297420771916707238e+00
2.306195459836795081e+00
2.308348504996593942e+00
2.306674885455473056e+00
2.316743304405683546e+00
2.314529340061140861e+00
2.316375138435834646e+00
2.319715733587005779e+00
2.304616035649805994e+00
2.310469371889844137e+00
2.313927984826358752e+00
2.314430407535882583e+00
2.314056932779005926e+00
2.313170153417705155e+00
2.311953778914463520e+00
2.314043574274322168e+00
2.315936723756201410e+00
2.316853006386462521e+00
2.316284771318788849e+00
2.310280393671106491e+00
2.311553414662678829e+00
2.313600038010397153e+00
2.316673122217625558e+00
2.317020825397821060e+00
2.316616561677721009e+00
2.316316359131424640e+00
2.317944207014861036e+00
2.319881693522135357e+00
