7.234785379450998644e-01
3.795007016923692689e-01
3.515341503200707374e-01
3.481284425582414910e-01
3.620087578524777694e-01
3.469888429582854705e-01
3.672098186648922180e-01
3.417466661812346707e-01
3.154247090588381264e-01
3.483795348876788101e-01
2.996104548558776726e-01
2.851045877845199139e-01
2.865949087120868710e-01
2.957205316166818809e-01
3.090352919550589661e-01
2.768964529405405495e-01
2.581654987217467667e-01
2.270591262865949422e-01
2.248432628350493234e-01
2.613765603138341054e-01
2.356160560691798189e-01
2.382952595934455797e-01
2.236207827649734636e-01
2.252406333147743689e-01
2.165353324310279048e-01
2.134444478577301740e-01
2.194544410723962835e-01
2.099026457395082590e-01
2.080585977913420870e-01
1.966946462698188902e-01
1.997885737982061094e-01
1.897930601404772821e-01
1.932124802083880766e-01
1.901090451320748276e-01
1.960411870645152321e-01
1.977108469899789833e-01
1.891763026791590252e-01
1.946524851484063290e-01
1.777814140566337242e-01
1.941361862108295366e-01
1.773360988792077875e-01
1.767239030496573771e-01
1.834407408618264623e-01
1.743969730205006119e-01
1.702578256435600401e-01
1.683940224441481115e-01
1.699896486637033077e-01
1.613374733630521807e-01
1.651137566998784889e-01
1.647858156466189827e-01
1.623855648309360244e-01
1.628523539429829470e-01
1.595004264403272476e-01
1.652921315650513201e-01
1.554645243066328508e-01
1.494719427768830822e-01
1.513577669628976274e-01
1.473524244617164802e-01
1.277395104828440153e-01
1.114897461952986529e-01
1.043092517952584203e-01
9.137479518712671167e-02
9.260502861536763775e-02
8.664851915867378962e-02
9.239318889887704334e-02
7.257944296752275037e-02
7.163292290470391066e-02
7.391893157999916697e-02
7.861543142058553812e-02
7.098024026160186517e-02
7.127928503697025797e-02
7.252412195185221899e-02
6.864537066725416581e-02
6.816674196678730591e-02
8.502552101020643960e-02
7.282319130867512258e-02
6.152541004976452843e-02
6.926027974006029875e-02
6.396581563792468061e-02
7.298509474314841816e-02
6.423895024122486253e-02
6.333059261288540021e-02
5.924217480617104126e-02
6.350538870657472523e-02
5.951671634641200054e-02
5.319361552369010482e-02
5.895048768876155060e-02
6.482316516623630454e-02
4.968561018209179808e-02
5.436873104014393332e-02
6.289275152584319906e-02
5.552795310170579451e-02
4.599023673993845457e-02
5.126145465448958549e-02
5.286424733676091392e-02
5.273992846911071397e-02
5.643601862036042721e-02
4.664761030038295370e-02
4.454542997158075085e-02
5.187484263449643196e-02
5.720039496448373756e-02
5.104854843452756585e-02
4.596387734097704542e-02
5.047047590832570707e-02
4.465481973336549865e-02
4.584702046790711805e-02
4.071987474888396491e-02
4.231212658586302328e-02
4.404806181677778376e-02
4.131359096492905059e-02
3.625109680248481819e-02
4.450490824945765173e-02
4.047037681342277593e-02
4.897596384172275830e-02
4.134927534715295699e-02
3.386044852873223987e-02
4.079563730381239456e-02
3.727799289357520973e-02
3.227715604725857335e-02
3.655065332394219491e-02
4.019538112909764455e-02
3.908338291995604175e-02
3.401124546923071229e-02
4.224187374602928619e-02
3.671595198274762301e-02
4.113016800493588671e-02
3.986921018781068582e-02
3.502970112014826276e-02
3.588195949339057639e-02
3.744348354276878788e-02
3.774311551946376436e-02
2.932092418991543922e-02
3.647059132456405978e-02
3.406244041261630856e-02
3.630243574241628912e-02
3.159057632811586303e-02
3.021066856874515122e-02
3.984757065146020405e-02
3.450908512478898654e-02
3.033327690173331578e-02
2.986115890764020481e-02
3.044146710786146265e-02
2.547237368709807243e-02
2.938907876284505699e-02
3.055771993711033085e-02
2.836855426612152134e-02
2.899872262629444794e-02
2.960522299841546537e-02
2.735775843561615364e-02
2.827372220980814074e-02
2.712282872438393985e-02
2.712137603019881479e-02
3.154205517388124214e-02
2.802902616969709174e-02
2.607018175898881407e-02
2.884630452244891716e-02
2.940435365151777836e-02
2.869985498529988369e-02
2.233408434980514376e-02
2.472005439350017861e-02
2.432734241903048919e-02
2.834074033440786219e-02
2.607747049959819111e-02
2.177597828204729316e-02
2.659930815729981066e-02
2.675548903467126621e-02
3.312893609966713337e-02
2.456831022113257004e-02
2.689057655758612594e-02
2.174246322496019637e-02
2.332743097853560987e-02
2.481395219501904281e-02
2.278187449710345966e-02
2.184605405674557368e-02
2.442878517940249433e-02
2.390839764986684574e-02
2.261930230266937653e-02
2.160658184777590127e-02
2.390397879960486777e-02
2.131541820225394887e-02
2.074636545353482700e-02
2.101839217481298386e-02
2.144400229823795884e-02
2.028126161018052945e-02
2.165180195133646623e-02
1.987684361996304439e-02
1.991125089998492179e-02
1.741207301321857567e-02
1.840832774836554178e-02
1.741709329037320619e-02
1.860332647427886954e-02
1.910734509184732269e-02
2.073743375570942168e-02
2.119151497792228292e-02
1.801420504044573198e-02
1.661582480443973484e-02
1.970460627109091312e-02
1.662139571600602245e-02
1.899455110415371531e-02
1.883851682050814713e-02
1.792481735907962281e-02
1.628759009880373018e-02
1.676020245476037354e-02
1.452727542794345419e-02
1.406897383873495673e-02
1.746992460664639757e-02
1.469340633935015475e-02
1.551635186729577627e-02
1.555318205615032791e-02
1.547742720722902754e-02
1.774890626221338127e-02
1.400485934651599443e-02
1.571055803590157285e-02
1.433478265488151958e-02
1.625326349874987170e-02
1.553001733275631915e-02
1.286512957574162917e-02
1.504731724285024788e-02
1.338737318286196791e-02
1.370142865094794125e-02
1.173713110462959279e-02
1.505708438345422680e-02
1.173666102670576500e-02
1.035762186223749930e-02
1.246955942937751777e-02
1.286108565380592733e-02
1.230784150998317020e-02
1.187439463900335362e-02
1.336970084241194748e-02
1.049720488927836579e-02
1.242953687392456957e-02
1.075456773300242398e-02
1.165857437845149031e-02
1.164957731248082197e-02
1.064282404376071071e-02
1.207858474200394251e-02
1.042949314857123493e-02
8.924751880424059911e-03
9.960671400135595599e-03
1.130216820496077017e-02
1.066917084529304255e-02
9.469428384554029465e-03
8.800514400377042884e-03
1.166813929336103089e-02
8.013271878152644981e-03
7.918511097169457849e-03
9.904123584636428598e-03
8.693923206222583383e-03
7.879731973211456797e-03
1.015150665010272277e-02
9.329524433749970466e-03
7.007324314915343473e-03
8.806293389403032149e-03
7.809498003606913166e-03
9.560107094542521361e-03
6.643191418963936140e-03
7.783924303899249740e-03
6.732721757739286786e-03
7.878901528388241801e-03
8.562867960933915820e-03
6.763688168391610023e-03
6.795501304602819329e-03
6.345992291884905087e-03
5.959760374928548855e-03
7.049250570099379123e-03
7.380553561630042586e-03
6.242091318545921370e-03
6.160037193892914029e-03
4.961349283872483126e-03
5.518236547513346441e-03
6.597728368533381516e-03
5.805951821164652069e-03
4.974328267691121089e-03
5.364638253745902460e-03
4.521854826660913831e-03
5.818983220219818737e-03
5.050962200137313826e-03
4.518355991347752960e-03
5.672555530662257324e-03
3.915709325011774294e-03
4.604538273501312777e-03
4.435522294020610712e-03
4.322470499660281164e-03
5.324930292923780138e-03
4.492117618226221416e-03
4.265047685748307206e-03
4.476403120152295557e-03
4.961678462507420131e-03
4.529736501782831784e-03
4.294235464164928261e-03
5.425134734131191461e-03
3.992316762255372631e-03
4.800054439576545082e-03
4.212157379879499612e-03
4.521755961046538923e-03
4.283249487026228632e-03
4.389507722727456832e-03
4.622569261474427163e-03
4.566692077412145938e-03
4.502574811140726274e-03
