7.833248891948182413e-01
4.076583710349636069e-01
3.868674282674436360e-01
3.732729674857339641e-01
3.665519812592753501e-01
3.493845822634520371e-01
3.461451948424916214e-01
3.163566516873277390e-01
3.199963023081238145e-01
3.088765481739868535e-01
3.122883448446238663e-01
3.219353134985323273e-01
3.071070035114700225e-01
3.064168363809585682e-01
2.663133042278112983e-01
2.743365929266552983e-01
2.575855515989256550e-01
2.559527508454558231e-01
2.459746521840124878e-01
2.490173579366118939e-01
2.592371940428828125e-01
2.439387834274474587e-01
2.419690151641398224e-01
2.289932687709360926e-01
2.227030755837022535e-01
2.305901520782046854e-01
2.260531947384645801e-01
2.165013278892010951e-01
2.279844323702064635e-01
2.242384330725964159e-01
2.057192483158023222e-01
2.007648640668686646e-01
2.058687624096134650e-01
1.951875746158170111e-01
1.941261569750897809e-01
1.997731809814770887e-01
2.032668835678954067e-01
1.921980287005871924e-01
1.928361932436625237e-01
1.845784104348700827e-01
1.954118488011536703e-01
1.857957588945642058e-01
1.699773926333880691e-01
1.824563126137227209e-01
1.764496052752674293e-01
1.793583823298966484e-01
1.706290759514143551e-01
1.732258003986912043e-01
1.697559582552424229e-01
1.722287686610663449e-01
1.709237228251165863e-01
1.738630708536983982e-01
1.749315176711038200e-01
1.662966191768646129e-01
1.598397541699218272e-01
1.651711032438425431e-01
1.666413183381527940e-01
1.635705333662989813e-01
1.706128092827620402e-01
1.578209938366471887e-01
1.590610327636018118e-01
1.563860489722387337e-01
1.654171947803762255e-01
1.575581232154810996e-01
1.578208719966588125e-01
1.548915878398182955e-01
1.541972835306767986e-01
1.597300774337332974e-01
1.543003057532104372e-01
1.630642980935028963e-01
1.596525322875858854e-01
1.530224876869240025e-01
1.501188654452562388e-01
1.526672754850652569e-01
1.504479791555139723e-01
1.542659441630045702e-01
1.495942195808445951e-01
1.541590070374953825e-01
1.466312845823941335e-01
1.511090994801050358e-01
1.502158735407355394e-01
1.465861405487413893e-01
1.468075307523026840e-01
1.475316450137783009e-01
1.425975029575236031e-01
1.455990560582758331e-01
1.467539891140696440e-01
1.465067834719831485e-01
1.446814532955119637e-01
1.430639037195547136e-01
1.466506732558762460e-01
1.428070214841468955e-01
1.453388228460594511e-01
1.457874535640448777e-01
1.419343748762283697e-01
1.414850845932960621e-01
1.467967357624460067e-01
1.407225884037253405e-01
1.435979284162138825e-01
1.420395565345699274e-01
1.444935982517989992e-01
1.444338467799954895e-01
1.426274814033581806e-01
1.361001660702405025e-01
1.361265059675515476e-01
1.367777624707899042e-01
1.384373105142587546e-01
1.409504842243076705e-01
1.415985742284927851e-01
1.373562943213331722e-01
1.374530753603687983e-01
1.369829312104869634e-01
1.340727908053883921e-01
1.337966090735094038e-01
1.331593090323386352e-01
1.374804855174856510e-01
1.346361531381621846e-01
1.334816412241370542e-01
8.796625873476358881e-02
8.199701152029044426e-02
7.587427833249769937e-02
6.663661551486448065e-02
5.586738440432344188e-02
6.428634473352612400e-02
6.061116994148764425e-02
5.186179229144558672e-02
5.138577324486291731e-02
5.203860530063487283e-02
4.651902070884121609e-02
4.792188030720061914e-02
6.207276208801942169e-02
6.077285011738745718e-02
4.927906803959222065e-02
5.178133566334935933e-02
5.158669618734468970e-02
4.932431359556187223e-02
4.883196548027716327e-02
4.552482247261336462e-02
4.064219541808900688e-02
4.497199360644846960e-02
4.543679506114804700e-02
4.681080226523422205e-02
5.481287983312978923e-02
4.070410775315350116e-02
4.856419058859400006e-02
4.212835659840673264e-02
4.145522790211454006e-02
3.927649176042860568e-02
4.045361331026256502e-02
3.753852278414903515e-02
4.285340381618790717e-02
4.223474591850435306e-02
3.916441405488085836e-02
4.138961537934431750e-02
5.788743121572482997e-02
4.476414475531423354e-02
3.943594363730049818e-02
4.817441134304160238e-02
4.000408319633505516e-02
3.968935190313021416e-02
5.072241522976122380e-02
4.147791221423827862e-02
4.069577977046899553e-02
3.268285767273347575e-02
4.860744298824517390e-02
3.573103802315286820e-02
3.804583055256286622e-02
3.706164126985787149e-02
4.601937181977081015e-02
3.359196909989322494e-02
3.359932598936728187e-02
3.641303777371326239e-02
3.353955101790941085e-02
3.678557031425391810e-02
4.297166167139319926e-02
3.948225600423613257e-02
2.845607713546839668e-02
3.142535766345207204e-02
2.403174750929961204e-02
3.638490043184576528e-02
2.560592329339411721e-02
2.936613789630585294e-02
3.040439471164804383e-02
3.237668350881488938e-02
2.649157263217659028e-02
2.726073630140119983e-02
3.711522208785610760e-02
2.334140671419273130e-02
2.875198691678779520e-02
2.724870582115491643e-02
2.521230897824509876e-02
2.903219540116598607e-02
2.934055526102720760e-02
2.650725929372668016e-02
2.525684978885872276e-02
2.104593748682183005e-02
2.139011117569343187e-02
2.865611217774265487e-02
2.301068465636085802e-02
2.662409347951639332e-02
2.384574464392053700e-02
2.659466155294657949e-02
2.465251076718243464e-02
2.042465702901227059e-02
2.291959592921445285e-02
2.316030768366926854e-02
2.743485570163214579e-02
2.512862052734604265e-02
1.880520390059470595e-02
2.206421326816241507e-02
1.749258241477407230e-02
2.200831885429916160e-02
1.998865767562636730e-02
2.360241072104897475e-02
1.958743799366430630e-02
2.832151461036208975e-02
1.855786807464926413e-02
2.071796423141800819e-02
1.932023821838676700e-02
1.810907813815441567e-02
1.947817837058266055e-02
2.135606329263989994e-02
1.994643263123752758e-02
1.554824157444980107e-02
2.356403810202512689e-02
1.875888987694148899e-02
2.339028536190412150e-02
1.809008104023239819e-02
1.913566113726119372e-02
1.673632254139787931e-02
2.267676080380085640e-02
1.974981022346728940e-02
1.550477781328268509e-02
1.926493381933714472e-02
1.888917764605858168e-02
1.529088080904913993e-02
1.584698337211968427e-02
1.258060309576390992e-02
1.615442847971819418e-02
1.447291265307914208e-02
1.753361583732727588e-02
1.324852095258393161e-02
1.264545308733858349e-02
1.670858628191957546e-02
1.422521267070996943e-02
1.462673052099736776e-02
1.561440328170400280e-02
1.295557253116935356e-02
1.323015001350686878e-02
1.394623633514578513e-02
1.411942661043998765e-02
1.238927636978913102e-02
1.235713343939781259e-02
1.551465807336362482e-02
1.258534775807663812e-02
1.093976488976598598e-02
1.187452901233624313e-02
1.114305293535442463e-02
1.005516301041625704e-02
1.102140559027764422e-02
1.135931979053207176e-02
1.116929073778683869e-02
1.035314011112545111e-02
9.089275524627423927e-03
1.218511761629952755e-02
9.371752608661120323e-03
1.046152465116370264e-02
1.198569435890268868e-02
8.661415863607095991e-03
1.019915586259881844e-02
8.705309508445399982e-03
8.524065025315472749e-03
9.608326069361215055e-03
9.275090765391656028e-03
7.251938870222933951e-03
1.038561395893967780e-02
7.892991758984144873e-03
1.104519331464994848e-02
9.517923566068300922e-03
8.366938999586884598e-03
9.182946305794937106e-03
8.337965750723486114e-03
8.298611832514672659e-03
9.148457283059362871e-03
8.284077617384883602e-03
8.971484800053143582e-03
7.472857123812665266e-03
7.893334819239240796e-03
8.305868846852077284e-03
8.215848852876347225e-03
6.793912933657630417e-03
7.414707887709269356e-03
9.107849957664582510e-03
9.000140701035001106e-03
7.742725923719577172e-03
7.328827953359803860e-03
8.715529106812476903e-03
8.492347597076545240e-03
8.324465577561007343e-03
9.162500698211159533e-03
