7.747067586875255873e-01
4.035916611368273732e-01
3.830374218799449948e-01
3.695850018733813358e-01
3.629244627040109639e-01
3.459433550452008510e-01
3.427309472251821587e-01
3.132281474861097759e-01
3.168211353413852849e-01
3.058079803615440517e-01
3.092009363718974946e-01
3.187570299999213375e-01
3.040769516501897751e-01
3.033963234520252739e-01
2.636841191921704963e-01
2.716300169258941688e-01
2.550351617512879310e-01
2.534208238308812144e-01
2.435378531522957024e-01
2.465527012576291532e-01
2.566744597605716827e-01
2.415228252471597059e-01
2.395743622640032766e-01
2.267257502233540611e-01
2.205033670053070105e-01
2.283089942126362293e-01
2.238110632440190317e-01
2.143544020108234804e-01
2.257283581627739788e-01
2.220189038066216480e-01
2.036814693683459410e-01
1.987796710689126722e-01
2.038309098807749853e-01
1.932541830028280672e-01
1.922045913007524309e-01
1.977963302422452718e-01
2.012534260013957021e-01
1.902958198002091261e-01
1.909291093088226476e-01
1.827502875876279576e-01
1.934831288125779813e-01
1.839569655005578730e-01
1.682929508480024983e-01
1.806500674397857054e-01
1.747043758584761464e-01
1.775837178583498377e-01
1.689421042524002214e-01
1.715098935972761141e-01
1.680771811738794308e-01
1.705258625065103062e-01
1.692318997081415088e-01
1.721440459866030726e-01
1.732005997756381199e-01
1.646512073407202514e-01
1.582584125760160831e-01
1.635345591899053652e-01
1.649903206729594618e-01
1.619517197579513346e-01
1.689215505288707009e-01
1.562597065750095660e-01
1.574878946590570761e-01
1.548364842793455709e-01
1.637813190067256008e-01
1.560000191132227543e-01
1.562597254406154768e-01
1.533553292813860380e-01
1.526695893065612986e-01
1.581486583123972445e-01
1.527739050671642340e-01
1.614487967879315866e-01
1.580717867815200073e-01
1.515075501514437650e-01
1.486311549159847756e-01
1.511538597628658276e-01
1.489562753909899895e-01
1.527369415686454235e-01
1.481111621461164707e-01
1.526323371923264116e-01
1.451809695749371187e-01
1.496130183891013765e-01
1.487275732014282370e-01
1.451324120807794826e-01
1.453526386416252869e-01
1.460687783443265497e-01
1.411846893989009699e-01
1.441567157383686348e-01
1.452980965927795076e-01
1.450540710102628805e-01
1.432487300010742981e-01
1.416466213762760107e-01
1.451952151264305491e-01
1.413907333794567345e-01
1.438941480200967571e-01
1.443442993969829002e-01
1.405275330085445362e-01
1.400824466099341581e-01
1.453413260111838246e-01
1.393291220620826443e-01
1.421752022556316830e-01
1.406357188743573572e-01
1.430596343345112154e-01
1.430038991303723417e-01
1.412119389316182083e-01
1.347517014791567991e-01
1.347773147057051979e-01
1.354209773288464758e-01
1.370666946433944378e-01
1.395564731532408786e-01
1.401942697250180836e-01
1.359946202624727207e-01
1.360886819430707495e-01
1.356236957197571869e-01
1.327427554093761342e-01
1.324701660807117987e-01
1.318392016959410995e-01
1.361158955106396840e-01
1.333015987166651928e-01
1.321603598188103024e-01
8.710021147056033752e-02
8.118892453587901736e-02
7.512236828082183293e-02
6.598032217524531229e-02
5.531430128073595853e-02
6.364956202824818832e-02
6.001380453027072015e-02
5.135057953180584278e-02
5.087409123661927601e-02
5.152143552097388640e-02
4.605838681591306605e-02
4.744680442624182176e-02
6.145926205923545049e-02
6.016548290107841951e-02
4.879355145780726183e-02
5.126985894439937269e-02
5.107757475393835678e-02
4.884004792317828830e-02
4.834968262487867457e-02
4.507577207969231531e-02
4.023901692262482621e-02
4.452844400298034550e-02
4.499082277352162845e-02
4.634751851094116165e-02
5.427482319112944542e-02
4.030064672496123934e-02
4.808460592642932463e-02
4.171398311147730964e-02
4.104696775601176378e-02
3.888826287117280733e-02
4.005033274188014164e-02
3.716540403973474932e-02
4.242842097460927664e-02
4.181747882588145865e-02
3.877630622868489391e-02
4.098443293115440478e-02
5.731557837445259984e-02
4.432428313399820047e-02
3.904827553006377794e-02
4.769650191657193172e-02
3.960613601134636147e-02
3.929608186055118246e-02
5.022122343527124499e-02
4.106718558508379302e-02
4.029497331828252316e-02
3.235883146294832313e-02
4.812787139371833833e-02
3.537586355110469705e-02
3.767135371460347826e-02
3.669685868874773133e-02
4.556645748425019321e-02
3.326006259670032800e-02
3.326719542799113499e-02
3.605335983318379983e-02
3.320744283185455420e-02
3.642353741678461265e-02
4.254406662587792431e-02
3.909123706452427571e-02
2.817280728220479882e-02
3.111353869529090432e-02
2.379370828625892650e-02
3.602427560496532233e-02
2.535336270459847066e-02
2.907676976171421485e-02
3.010390121421495022e-02
3.205559823585150958e-02
2.623061596849440152e-02
2.699035582807954303e-02
3.675062918222084252e-02
2.311099290434216399e-02
2.846891081178370975e-02
2.698012767233856982e-02
2.496403217068471000e-02
2.874425689301404740e-02
2.905087156413858895e-02
2.624511908924668374e-02
2.500869590470374687e-02
2.083851673262500023e-02
2.117836812604865365e-02
2.837335404287448862e-02
2.278263675680249067e-02
2.636073816190926539e-02
2.360939424571022183e-02
2.633231308141990509e-02
2.440801568050512266e-02
2.022246003439193487e-02
2.269201519938414402e-02
2.293205318857849742e-02
2.716470150320404731e-02
2.488123500480907135e-02
1.861969237721091894e-02
2.184751797121637501e-02
1.732044640003651756e-02
2.179138837477413715e-02
1.979167991521086148e-02
2.336992854751893806e-02
1.939450294755070206e-02
2.804466808926839305e-02
1.837731923134228521e-02
2.051394851068273628e-02
1.912957477820052821e-02
1.793030026424219728e-02
1.928495968011388270e-02
2.114521245026413504e-02
1.974895875790047897e-02
1.539374486045418967e-02
2.333028281175723168e-02
1.857435925550457792e-02
2.316020516084757105e-02
1.791233193716273292e-02
1.894666355062023938e-02
1.657139067455666581e-02
2.245374470852160367e-02
1.955469235156074778e-02
1.535097030540737845e-02
1.907427340194749535e-02
1.870247209384907211e-02
1.513979631276195052e-02
1.569129194542907488e-02
1.245650502924822156e-02
1.599546960925731648e-02
1.433021380986179705e-02
1.736036236940924002e-02
1.311948087138632528e-02
1.252140160531668364e-02
1.654425696586842714e-02
1.408514817458463193e-02
1.448268635658116893e-02
1.546054892520417300e-02
1.282719390593330122e-02
1.309896739879565578e-02
1.380787602094732218e-02
1.398015377137288608e-02
1.226657863744212186e-02
1.223459328687758786e-02
1.536148820204637222e-02
1.246074669430122933e-02
1.083205549193061619e-02
1.175722901506908585e-02
1.103265215618721637e-02
9.956617977022014579e-03
1.091191103880393906e-02
1.124771121347204091e-02
1.105919687627052346e-02
1.025085701427581875e-02
8.999387383422192618e-03
1.206593252119529495e-02
9.279545282548318230e-03
1.035810353164659872e-02
1.186744702980955385e-02
8.575758003788017808e-03
1.009851771226142995e-02
8.619150388852928057e-03
8.439674519063879859e-03
9.513274243724964205e-03
9.183476888069384836e-03
7.180732809697306165e-03
1.028327158761430278e-02
7.815074613460671130e-03
1.093665720638881990e-02
9.423733962300761755e-03
8.284635526332647867e-03
9.093462852683000669e-03
8.256068456044707293e-03
8.217383892785878191e-03
9.058408846069569004e-03
8.202526643042712742e-03
8.883329364927007588e-03
7.398884897458718989e-03
7.815310310120872350e-03
8.224236764897481511e-03
8.135091976094563360e-03
6.727124292204134277e-03
7.341869108627796861e-03
9.018068336166676705e-03
8.911363697181491628e-03
7.666258708961299836e-03
7.256823490487151682e-03
8.629930151578769568e-03
8.408889761612055661e-03
8.242595451794145628e-03
9.073178059119483066e-03
