8.618131709687504305e-01
4.066709291787795055e-01
3.830006065192045894e-01
3.687966380222343910e-01
3.627518846296969857e-01
3.441227743287145202e-01
3.414247837331559898e-01
3.128503966478654030e-01
3.175166882666540791e-01
3.068568193618161910e-01
3.087408142325319127e-01
3.178283303608129273e-01
3.030052275201420842e-01
3.020513926759178513e-01
2.629185324833717141e-01
2.706576646478087711e-01
2.550390098749855672e-01
2.531926686565081352e-01
2.436798989036936813e-01
2.464656715591748426e-01
2.562734942653296932e-01
2.415957426767290361e-01
2.394652841635692142e-01
2.267518411080042540e-01
2.199708651981235885e-01
2.281158452140696347e-01
2.242131089354738871e-01
2.146925534915040956e-01
2.256074200441808009e-01
2.219528891514112867e-01
2.037778710325559017e-01
1.985192379925722062e-01
2.037853074018602106e-01
1.933391483569586733e-01
1.921565705979312033e-01
1.976850825511378973e-01
2.013457482151779221e-01
1.902208620475398237e-01
1.907083441721804384e-01
1.828122716351055776e-01
1.928720016446378582e-01
1.838793252813227252e-01
1.684441980158473129e-01
1.806244995674969323e-01
1.745229340123909401e-01
1.774664708677633207e-01
1.686971404946144837e-01
1.715906995314138983e-01
1.678776768024689003e-01
1.702906061285807682e-01
1.691823244830708561e-01
1.719024767754254446e-01
1.730917841058086382e-01
1.645411792728636025e-01
1.581341562171777182e-01
1.636543817174287430e-01
1.650997779159634193e-01
1.618813459841925428e-01
1.691258993229748375e-01
1.561287359690960441e-01
1.573138116962379818e-01
1.549564618755270018e-01
1.635875887708899412e-01
1.558104238760324167e-01
1.561146490551807153e-01
1.536258849188869291e-01
1.527694290871789429e-01
1.581418875558876780e-01
1.526400733601163962e-01
1.615501449247937205e-01
1.580745390719837662e-01
1.514937697875279043e-01
1.487710481302605692e-01
1.513415828163241217e-01
1.491703788531415220e-01
1.529002662794089473e-01
1.483057566906934854e-01
1.526669664607371857e-01
1.450314859457222105e-01
1.496081056602207304e-01
1.488300184776753521e-01
1.453728476516258639e-01
1.454891580122488481e-01
1.462866614722175274e-01
1.412813783427815384e-01
1.442340525120128780e-01
1.455892675728709673e-01
1.452712592611342390e-01
1.432723504019740302e-01
1.417282753244594184e-01
1.455458319481508223e-01
1.416287874687968962e-01
1.444674883267761667e-01
1.443154244327250757e-01
1.406841745071205074e-01
1.402638303138959430e-01
1.455409692853321391e-01
1.393466407502139126e-01
1.422726194247787290e-01
1.403837276691639879e-01
1.433963889555062710e-01
1.429947979840231476e-01
1.415542445295018825e-01
1.348464927693575899e-01
1.349190861745565018e-01
1.356785104138615583e-01
1.370615907013416346e-01
1.394011241234379139e-01
1.404304509131628909e-01
1.361674027402459963e-01
1.364393408835670174e-01
1.359235597659408379e-01
1.330035739704782671e-01
1.326442998500517723e-01
1.320107940446447470e-01
1.364590010019364197e-01
1.334554341886146633e-01
1.321281192019397865e-01
8.660471797173405206e-02
8.080867286512835590e-02
7.519103273185959169e-02
6.562933232491537094e-02
5.530830370722177730e-02
6.367825763702485153e-02
5.973652968898898741e-02
5.112126452487571193e-02
5.116821651017856853e-02
5.171697712661468826e-02
4.606339242970455827e-02
4.750757934031562407e-02
6.134999898789784273e-02
6.073673117555890288e-02
4.855165115153750599e-02
5.114764905898303016e-02
5.091213375490940413e-02
4.842654606410055212e-02
4.822827940792374229e-02
4.490505422592697832e-02
4.031785974195686850e-02
4.435496318504720398e-02
4.459723360896869493e-02
4.632837084829117408e-02
5.380567594439963908e-02
4.034609096067279244e-02
4.795848440276861274e-02
4.143734442869224238e-02
4.082600480092137690e-02
3.882289213817537860e-02
4.032806023381532712e-02
3.731186954435004172e-02
4.249830294461894725e-02
4.172670304675350772e-02
3.881076125903802632e-02
4.051825488665296293e-02
5.718527303927399552e-02
4.398612884598364359e-02
3.876681915430652686e-02
4.779095219338261313e-02
3.979472503252722698e-02
3.932701187786059871e-02
5.011917741075992000e-02
4.107267012162835185e-02
4.008066107671316713e-02
3.240262388169440344e-02
4.795715228965603816e-02
3.551744223359604158e-02
3.744768992189984741e-02
3.647824417394413682e-02
4.529145171225895661e-02
3.319063774841107817e-02
3.321306512816478429e-02
3.596780263900722224e-02
3.321082154921267682e-02
3.620328981952847941e-02
4.275951947464268210e-02
3.910191833421754887e-02
2.832697745388155358e-02
3.118189806643194978e-02
2.380391430742298531e-02
3.606248486427415106e-02
2.525605470862636245e-02
2.893681488616785952e-02
3.004935224244822262e-02
3.210853082744977854e-02
2.609567508812171699e-02
2.703805950726813692e-02
3.645929240489222123e-02
2.304138035562326367e-02
2.830761154106800973e-02
2.685781036455825097e-02
2.482767567998962407e-02
2.879384452718551646e-02
2.896838082270272730e-02
2.621401841751782105e-02
2.481538980031877673e-02
2.074207623866832287e-02
2.117430355006765658e-02
2.827581688014353667e-02
2.280479879586947908e-02
2.633552992461593578e-02
2.363504106239961919e-02
2.623484459428804955e-02
2.444950143787233757e-02
2.021969499720499899e-02
2.275807550330581630e-02
2.282543775581646547e-02
2.701542036732540800e-02
2.473854736268594340e-02
1.855115187582994513e-02
2.166952903692022717e-02
1.721359928558762950e-02
2.169304761850026492e-02
1.969778206766033962e-02
2.324821039376583423e-02
1.929350786267156059e-02
2.768467026980494031e-02
1.805489086086540726e-02
2.040157619890292304e-02
1.906634408340682901e-02
1.787779104770491692e-02
1.932186452686886560e-02
2.108507679273585733e-02
1.974739051132659226e-02
1.544966333300338071e-02
2.337552977917733282e-02
1.845306393074735637e-02
2.300803585052854996e-02
1.777490435430126303e-02
1.889975869355875471e-02
1.649318465939291628e-02
2.230161847174814277e-02
1.951177613856863724e-02
1.538074953568866442e-02
1.906603788457563592e-02
1.867054553718103596e-02
1.510844933350367902e-02
1.556913589113124302e-02
1.240980781874244723e-02
1.589589196867306070e-02
1.426989236685956113e-02
1.732533538132333822e-02
1.290400880026016002e-02
1.240514482997690481e-02
1.643292467795415962e-02
1.400645170320830718e-02
1.440441446889222099e-02
1.538543433824447748e-02
1.283786287621532449e-02
1.311825971795680008e-02
1.383603985814261216e-02
1.392727728047315518e-02
1.226977897831490333e-02
1.225401558442374382e-02
1.531699036624311998e-02
1.246010281209708817e-02
1.077093567271753850e-02
1.173000239012051554e-02
1.104007849043239092e-02
9.854508458478067681e-03
1.094945832821484812e-02
1.116085560709810347e-02
1.100939059631428699e-02
1.022831243393469529e-02
8.988818888240159358e-03
1.191851284733230071e-02
9.220731347194947511e-03
1.034211363236223723e-02
1.182473325597253183e-02
8.565785200157677998e-03
1.006380749592529836e-02
8.615910344525657197e-03
8.439045987295595158e-03
9.505183062865848326e-03
9.161387383643653307e-03
7.120605256602209436e-03
1.023423292554295587e-02
7.791719247960613749e-03
1.085360403377521460e-02
9.418965068134301649e-03
8.230348502567923219e-03
8.948342001508817131e-03
8.189726740161903593e-03
8.122800213975916311e-03
9.004849314242389588e-03
8.155098571215704459e-03
8.815542110413068441e-03
7.397225118052400648e-03
7.802450982551728184e-03
8.163206418089149347e-03
8.075690378149216753e-03
6.678859784273142620e-03
7.283876205820203655e-03
8.978165610676148295e-03
8.877703509170029733e-03
7.646721366841064023e-03
7.200444973481084227e-03
8.559900410661758566e-03
8.345784984479074839e-03
8.187015515083917103e-03
8.932259582601501449e-03
